15952
16012
16172
16040
16196
16220
16328
16304
16304
16220
16240
16200
16252
16372
16428
16236
16416
16344
16228
16280
16304
16364
16372
16308
16172
16408
16376
16224
16324
16488
16544
16336
16180
16424
16432
16316
16272
16444
16500
16664
16632
16456
16536
16716
16740
16512
16568
16316
16480
16440
16624
16464
16456
16512
16524
16432
16580
16640
16564
16668
16684
16860
16860
16628
16676
16564
16552
16808
16672
16584
16560
16596
16488
16504
16512
16392
16664
16828
16712
16784
16900
16792
16600
16540
16584
16612
16448
16356
16496
16788
18616
18348
17224
16352
16136
16388
16248
16224
15864
15924
15768
16184
17016
17260
17168
17044
16592
16472
16936
17052
17112
16484
16972
16704
16080
16384
16644
16832
16884
16448
17388
16616
15288
15180
15720
15644
16388
15972
16192
17024
17256
17176
17492
19336
17024
16504
16520
16516
16332
16876
16500
16656
17012
16308
16364
16504
16816
16780
16596
16356
16672
16420
16804
16496
16460
16600
16768
16660
16448
16620
16520
16580
16760
16624
16432
16612
16720
16808
15892
15644
17276
15840
17072
16620
16384
16528
16772
16712
16532
16820
16460
16784
16700
15932
16420
16792
16692
16560
16412
16512
16504
16460
16300
16604
16536
16660
16776
16920
16812
16912
16600
16488
16496
16812
16828
16444
16488
16412
16132
16636
16600
16572
17068
16616
16616
16568
16636
16628
16560
16608
16604
16600
16612
16568
16608
16660
16620
16564
16520
16688
16576
16516
16732
16824
16656
16548
15576
17240
16260
16848
16528
16492
16796
16448
16672
16588
16392
16628
16684
16516
16652
16624
16604
16700
16568
16588
16588
16564
16628
16676
16584
16564
16540
16568
16596
16668
16572
16608
16608
16560
16588
16612
16620
16648
16660
16644
16548
16524
16668
16556
16624
16592
16568
16572
16600
16656
16596
16632
16612
16604
16656
16576
16600
16576
16532
16668
16652
16584
16592
16672
16572
16544
16660
16628
16516
16636
16636
16584
16580
16668
16652
16632
16580
16560
16528
16600
16548
16592
16556
16596
16660
16584
16612
16580
16532
16608
16620
16608
16572
16496
16608
16568
16508
16596
16636
16572
16572
16652
16528
16604
16568
16548
16660
16576
16576
16604
16592
16592
16568
16584
16532
16556
16572
16568
16616
16616
16612
16744
16348
16704
16604
16708
16644
16664
16632
16456
16700
16396
16512
16856
16492
16624
16620
16612
16400
16552
16596
16600
16576
16584
16600
16652
16584
16580
16600
16596
16940
16572
16792
16832
16480
16996
16620
16448
16152
16392
16296
16712
16476
16892
16708
16640
16700
16588
16760
16516
16552
16472
16688
16820
16900
16916
17128
17236
17364
17444
17344
17056
16480
16240
16368
16656
16532
16532
16624
16812
16780
16712
16556
16464
16500
16436
16592
16680
16600
16416
16488
16532
16596
16524
16428
16496
16516
16636
16548
16588
16724
16552
16456
16472
16572
16420
16356
16312
16368
16412
16376
16484
16344
16456
16580
16616
16596
16724
16792
16664
16776
16812
16920
16696
16676
16640
16468
16344
16400
16496
16656
16572
16596
16464
16372
16620
16532
16668
16888
16884
16824
16776
16464
16328
16316
16488
16336
15972
16152
16256
16052
16216
16228
16164
16192
16292
16304
16484
16320
16232
16216
16140
16312
16280
16244
16080
16208
16216
16100
16052
15960
15956
16004
16012
15864
15796
15928
16068
15976
15792
15724
15756
15632
15520
15448
15536
15624
15452
15816
15876
15764
16016
16084
16068
15980
15924
15896
15792
15992
15768
15520
15496
15408
15384
15396
15232
15260
15292
15420
15624
15580
15596
15704
15772
15768
15760
15584
15564
15600
15388
15416
15432
15476
15524
15396
15488
15596
15468
15504
15508
15440
15400
15372
15328
15516
15360
15256
15384
15332
15116
15044
15132
15292
15104
15144
15252
15364
15288
15328
15228
15172
15228
15244
15256
15224
15168
15108
14896
14892
14732
14824
14892
14840
14868
14784
14940
14904
14960
14804
14856
14988
14964
15008
14868
14932
14816
14660
14692
14700
14856
14848
14576
14616
14736
14772
14736
14560
14532
14564
14424
14376
14448
14296
14320
14240
14312
14244
14368
14816
14748
14676
14864
14828
14896
14580
14376
14240
14224
14232
13960
13960
13704
13692
13784
13032
13544
13488
13428
14072
13812
14196
14216
14240
14268
14020
14312
14356
14216
14216
14040
14084
14192
14332
14276
14240
14204
14284
14420
14540
14516
14416
14396
14464
14424
14352
14340
14412
14496
14540
14556
14760
14636
14468
14512
14540
14520
14360
14228
14356
14492
14572
14624
14616
14680
14752
14684
14868
14836
14800
14740
14780
14808
14812
14784
14912
14964
15036
15092
14996
14960
14764
14796
14580
14524
14816
15044
15156
15276
15256
15396
15188
15460
15272
15296
15372
15592
15224
15276
15432
15388
15664
15532
15528
15440
15568
15664
15568
15488
15620
15668
15360
15700
15692
15712
15544
15688
15812
15784
15820
15836
15796
15772
15476
15444
15704
15800
15792
15776
15864
15956
15944
16044
15992
16220
16000
15668
15912
16180
16408
16300
16152
16252
16236
16132
16084
16036
16204
16092
16048
16084
16140
16116
15988
15960
16076
16016
16012
16028
16020
16172
15988
16008
16140
16304
16096
16016
15976
16236
16256
16404
16420
16424
16452
16412
16760
16648
16532
16624
16716
16612
16496
16444
16356
16220
16356
16748
16832
16684
16624
16880
16928
16676
16528
16468
16508
16484
16356
16240
16704
16792
16728
16916
17016
16772
17200
16792
16784
16688
16640
16684
16392
16468
16288
16280
16284
16484
16524
16688
16672
16592
16576
16604
16876
16904
16988
16812
16668
16724
16804
16688
16680
16724
16796
16848
16556
16536
16548
16532
16508
16624
16696
16560
16752
16664
16584
17012
16868
16712
17008
16688
16648
16504
16460
16536
16328
16552
16708
16464
16528
16676
16744
16420
16612
16572
16596
16572
16176
14032
15648
16808
18332
19280
16700
16208
16552
16580
16384
16644
16784
16692
16412
16356
16644
16432
16572
16544
16572
16552
16636
16652
16624
16864
16600
16452
16680
16772
16536
16840
16560
16532
16528
16696
16568
16660
16576
16600
16708
16460
16532
16684
16600
16612
16528
16492
16536
16760
16524
16612
16516
16756
16672
15980
16216
16424
17016
16748
16604
16644
16632
16420
16696
16880
16824
15700
16536
17112
16416
16896
16644
16504
16648
16536
16288
16260
17592
17488
16208
16156
16520
16488
16468
16540
16388
16140
17132
16632
16652
16760
16716
16540
16380
16544
16476
16728
16444
16272
16424
16372
16112
16052
15756
16372
17328
18468
17408
16728
16280
16768
16604
16604
16604
16632
16536
16352
16676
16548
16716
16472
16832
16628
16716
16604
16588
16640
16504
16628
16528
16684
16564
16624
16740
16568
16624
16588
16628
16688
16648
16576
16628
16508
16612
16596
16584
16552
16660
16624
16600
16644
16568
16652
16596
16552
16588
16480
16612
16544
16592
16608
16620
16600
16524
16540
16724
16536
16664
16608
16624
16608
16548
16980
16780
16444
16684
16340
16780
16592
16404
16508
16584
16732
16716
16616
16672
16720
16532
16608
16536
16580
16684
16556
16768
16664
17000
17204
17572
17760
17872
17424
16932
16632
16448
16296
16148
16060
15860
16208
16224
16468
16664
16712
16736
16832
16980
16704
16776
16756
16800
16768
16584
16384
16720
16700
16556
16632
16416
16568
16444
16732
16564
16496
16644
16464
16524
16444
16392
16388
16340
16260
16360
16424
16240
16324
16376
16476
16528
16540
16504
16692
16504
16420
16496
16396
16336
16724
16672
16824
16752
16564
16280
16376
16288
16264
16248
16192
16208
16036
16104
15908
16184
16324
16280
16344
16336
16460
16368
16292
16264
16400
16212
16188
16344
16280
16212
16032
15828
15980
16044
15844
15936
15916
15872
15864
16028
16048
16072
16184
16192
16236
16180
16048
15996
16020
16084
15984
15948
15956
15980
15932
15948
16028
15928
15884
15900
15880
15792
15832
15752
15568
15520
15772
15908
15864
15968
16012
15796
15808
15892
15652
15532
15320
15632
15652
15660
15548
15564
15628
15752
15964
15868
15748
15692
15360
15256
15032
15232
15376
15288
15408
15116
15208
15332
15340
15316
15168
15492
15476
15160
15292
15416
15496
15152
15260
15276
15340
15348
15048
15108
14992
14900
14864
14988
15312
15264
15176
15248
15204
15156
15080
15272
15188
15028
15048
15176
15188
14840
14868
14820
15056
14760
14604
14696
14548
14580
14704
14940
14820
14808
14660
14528
14548
14600
14604
14616
14548
14796
14728
14752
14732
14568
14600
14672
14760
14772
14896
15276
15080
15192
15044
15160
15220
15292
15268
15280
15368
15040
15048
15260
15276
15096
14888
14932
14808
15156
15276
15212
15220
15204
15280
15096
15036
15144
15212
15200
15448
15388
15464
15452
15608
15708
15548
15344
15328
15372
15480
15484
15464
15476
15688
15760
15788
15832
15864
15840
16000
16084
15980
15844
15764
15716
15708
15760
15904
15984
15964
15828
15856
16076
15956
16112
16072
16036
15972
16108
16116
16072
16080
16096
16056
16048
16036
16216
16156
16044
16160
16240
16212
16056
16116
16136
16252
16180
16132
16032
16132
16080
16064
16100
16284
16288
16224
16344
16216
16204
16232
16200
16324
16124
16156
16368
16240
16608
16516
16428
16524
16300
16192
16308
16316
16260
16228
16456
16436
16576
16520
16472
16452
16652
16624
16516
16652
16580
16656
16692
16652
16720
16644
16620
16616
16580
16504
16504
16412
16428
16640
16724
16616
16436
16552
16768
16752
16632
16636
16832
16688
16596
16736
16812
16888
16624
16568
16552
16388
16484
16548
16564
16736
16836
16828
16600
16588
16412
16832
16468
16476
