156.000
176.000
156.000
176.000
196.000
176.000
196.000
184.000
172.000
172.000
172.000
172.000
172.000
172.000
172.000
172.000
172.000
172.000
176.000
176.000
180.000
180.000
188.000
196.000
196.000
196.000
196.000
196.000
196.000
196.000
196.000
196.000
196.000
196.000
196.000
200.000
200.000
200.000
196.000
200.000
200.000
200.000
196.000
192.000
192.000
192.000
192.000
176.000
176.000
176.000
164.000
164.000
164.000
148.000
148.000
148.000
148.000
148.000
148.000
148.000
148.000
164.000
164.000
164.000
144.000
144.000
160.000
164.000
164.000
164.000
176.000
180.000
224.000
248.000
232.000
232.000
248.000
248.000
280.000
280.000
280.000
280.000
328.000
332.000
332.000
332.000
280.000
340.000
340.000
340.000
280.000
280.000
280.000
280.000
280.000
280.000
232.000
176.000
124.000
124.000
124.000
124.000
112.000
72.000
72.000
68.000
56.000
56.000
56.000
40.000
20.000
20.000
-4.000
-20.000
-32.000
-40.000
-68.000
-76.000
-80.000
-112.000
-124.000
-168.000
-196.000
-208.000
-208.000
-256.000
-256.000
-284.000
-328.000
-332.000
-336.000
-348.000
-404.000
-508.000
-596.000
-648.000
-700.000
-708.000
-712.000
-744.000
-744.000
-748.000
-768.000
-800.000
-828.000
-836.000
-932.000
-984.000
-1028.000
-1108.000
-1180.000
-1184.000
-1200.000
-1208.000
-1308.000
-1340.000
-1452.000
-1476.000
-1504.000
-1692.000
-1724.000
-1740.000
-1752.000
-1788.000
-1788.000
-1848.000
-2104.000
-2204.000
-2280.000
-2304.000
-2368.000
-2408.000
-2412.000
-2576.000
-2656.000
-2696.000
-2752.000
-2764.000
-2832.000
-2832.000
-2864.000
-2928.000
-2988.000
-3136.000
-3480.000
-3612.000
-3656.000
-3660.000
-3688.000
-3784.000
-3796.000
-3860.000
-3884.000
-3888.000
-4056.000
-4060.000
-4232.000
-4316.000
-4344.000
-4348.000
-4352.000
-4384.000
-4408.000
-4428.000
-4428.000
-4428.000
-4428.000
-4428.000
-4428.000
-4428.000
-4432.000
-4428.000
-4416.000
-4428.000
-4460.000
-4652.000
-4840.000
-4928.000
-4940.000
-4956.000
-4956.000
-5000.000
-5048.000
-5056.000
-5048.000
-5056.000
-5276.000
-5276.000
-5056.000
-5056.000
-5056.000
-5216.000
-5312.000
-5448.000
-5536.000
-5536.000
-5536.000
-5536.000
-5536.000
-5536.000
-5536.000
-5536.000
-5536.000
-5448.000
-5536.000
-5536.000
-5616.000
-5760.000
-5768.000
-5904.000
-5928.000
-5904.000
-5904.000
-5928.000
-5952.000
-5952.000
-5964.000
-5952.000
-6004.000
-6012.000
-6028.000
-6076.000
-6104.000
-6120.000
-6120.000
-6120.000
-6120.000
-6120.000
-6124.000
-6124.000
-6124.000
-6124.000
-6124.000
-6184.000
-6220.000
-6220.000
-6240.000
-6240.000
-6220.000
-6240.000
-6280.000
-6280.000
-6280.000
-6280.000
-6280.000
-6280.000
-6356.000
-6360.000
-6356.000
-6252.000
-6252.000
-6252.000
-6252.000
-6356.000
-6252.000
-6012.000
-6012.000
-6252.000
-6012.000
-5956.000
-5912.000
-5608.000
-5684.000
-5608.000
-5436.000
-5328.000
-5280.000
-5096.000
-4912.000
-4912.000
-4912.000
-4692.000
-4692.000
-4692.000
-4692.000
-4824.000
-4824.000
-4692.000
-4612.000
-4444.000
-4444.000
-4444.000
-4372.000
-4340.000
-4136.000
-4136.000
-4136.000
-3940.000
-3940.000
-3928.000
-3924.000
-3924.000
-3820.000
-3804.000
-3568.000
-3232.000
-3232.000
-3176.000
-2664.000
-2504.000
-2488.000
-2332.000
-2264.000
-2228.000
-2116.000
-1996.000
-1960.000
-1932.000
-1932.000
-1928.000
-1852.000
-1836.000
-1836.000
-1836.000
-1548.000
-1536.000
-1496.000
-1496.000
-1480.000
-1400.000
-1368.000
-1288.000
-1156.000
-1040.000
-856.000
-664.000
-472.000
-444.000
-364.000
-188.000
52.000
84.000
200.000
284.000
288.000
360.000
444.000
488.000
552.000
592.000
608.000
692.000
1168.000
1512.000
1656.000
1776.000
1932.000
1988.000
2132.000
2184.000
2248.000
2288.000
2288.000
2300.000
2416.000
2452.000
2464.000
2660.000
2852.000
3036.000
3132.000
3196.000
3332.000
3348.000
3456.000
3472.000
3512.000
3624.000
3940.000
4052.000
4200.000
4280.000
4392.000
4396.000
4432.000
4520.000
4668.000
4708.000
4788.000
4832.000
4920.000
4924.000
5084.000
5088.000
5124.000
5296.000
5412.000
5500.000
5616.000
5716.000
5724.000
5744.000
5860.000
6024.000
6048.000
6168.000
6216.000
6324.000
6388.000
6408.000
6448.000
6504.000
6516.000
6572.000
6516.000
6580.000
6580.000
6632.000
6636.000
6660.000
6664.000
6676.000
6772.000
6784.000
6808.000
6844.000
6892.000
6916.000
6996.000
7084.000
7124.000
7144.000
7172.000
7216.000
7256.000
7400.000
7408.000
7408.000
7408.000
7408.000
7408.000
7408.000
7420.000
7420.000
7420.000
7420.000
7420.000
7420.000
7408.000
7400.000
7400.000
7252.000
7224.000
7180.000
7180.000
7168.000
6988.000
6984.000
6892.000
6784.000
6768.000
6736.000
6672.000
6412.000
6280.000
6268.000
6156.000
6100.000
6072.000
5924.000
5836.000
5744.000
5684.000
5292.000
5148.000
5132.000
4912.000
4640.000
4544.000
4444.000
4440.000
4272.000
4196.000
3752.000
3744.000
3632.000
3488.000
3300.000
3192.000
3004.000
2992.000
2672.000
2364.000
2160.000
2064.000
2012.000
1972.000
1756.000
1668.000
1624.000
1608.000
1460.000
1412.000
1220.000
1076.000
1000.000
792.000
744.000
500.000
496.000
284.000
220.000
120.000
120.000
-48.000
-76.000
-180.000
-452.000
-472.000
-704.000
-720.000
-856.000
-908.000
-928.000
-1000.000
-1140.000
-1296.000
-1532.000
-1876.000
-1932.000
-2140.000
-2280.000
-2304.000
-2608.000
-2684.000
-2692.000
-2960.000
-2968.000
-2996.000
-3120.000
-3276.000
-3592.000
-3708.000
-3800.000
-3828.000
-4032.000
-4212.000
-4244.000
-4280.000
-4340.000
-4372.000
-4388.000
-4428.000
-4520.000
-4524.000
-4564.000
-4624.000
-4632.000
-4644.000
-4644.000
-4644.000
-4652.000
-4656.000
-4656.000
-4644.000
-4632.000
-4656.000
-4720.000
-4720.000
-4720.000
-4720.000
-4720.000
-4720.000
-4720.000
-4720.000
-4616.000
-4616.000
-4532.000
-4500.000
-4480.000
-4456.000
-4424.000
-4396.000
-4388.000
-4288.000
-4268.000
-4140.000
-4076.000
-3960.000
-3916.000
-3892.000
-3880.000
-3880.000
-3864.000
-3820.000
-3780.000
-3760.000
-3652.000
-3636.000
-3608.000
-3460.000
-3380.000
-3352.000
-3320.000
-3320.000
-3308.000
-3256.000
-3248.000
-3200.000
-3200.000
-3168.000
-3068.000
-3064.000
-3048.000
-3004.000
-2932.000
-2892.000
-2888.000
-2864.000
-2864.000
-2800.000
-2792.000
-2724.000
-2664.000
-2640.000
-2632.000
-2584.000
-2560.000
-2544.000
-2504.000
-2492.000
-2492.000
-2476.000
-2476.000
-2436.000
-2408.000
-2376.000
-2348.000
-2340.000
-2272.000
-2172.000
-2112.000
-2100.000
-2088.000
-2060.000
-2048.000
-2044.000
-2044.000
-2040.000
-1952.000
-1948.000
-1876.000
-1760.000
-1756.000
-1752.000
-1748.000
-1740.000
-1632.000
-1504.000
-1460.000
-1444.000
-1436.000
-1364.000
-1340.000
-1300.000
-1272.000
-1220.000
-1052.000
-1036.000
-1008.000
-956.000
-780.000
-760.000
-752.000
-552.000
-452.000
-360.000
-212.000
-168.000
-120.000
-72.000
-60.000
-44.000
-36.000
64.000
76.000
124.000
136.000
236.000
240.000
248.000
272.000
280.000
280.000
340.000
360.000
364.000
380.000
416.000
416.000
448.000
452.000
456.000
484.000
496.000
524.000
552.000
640.000
712.000
716.000
804.000
804.000
808.000
828.000
912.000
920.000
976.000
1104.000
1176.000
1224.000
1368.000
1368.000
1368.000
1376.000
1376.000
1376.000
1376.000
1376.000
1380.000
1396.000
1396.000
1424.000
1424.000
1440.000
1440.000
1440.000
1440.000
1464.000
1464.000
1480.000
1484.000
1484.000
1484.000
1592.000
1616.000
1652.000
1652.000
1796.000
1804.000
1840.000
1916.000
1936.000
1972.000
1972.000
2028.000
2088.000
2088.000
2088.000
2088.000
2088.000
2088.000
2096.000
2100.000
2100.000
2100.000
2100.000
2096.000
2088.000
2076.000
2072.000
2012.000
2012.000
2004.000
1996.000
1992.000
1972.000
1948.000
1936.000
1948.000
1948.000
1948.000
1928.000
1928.000
1928.000
1928.000
1928.000
1888.000
1884.000
1888.000
1928.000
1928.000
1888.000
1888.000
1928.000
1968.000
1968.000
1968.000
1968.000
1968.000
1968.000
1996.000
2104.000
2104.000
1996.000
1968.000
1948.000
1996.000
1996.000
1992.000
1948.000
1940.000
1948.000
1992.000
1948.000
1948.000
1948.000
1948.000
1948.000
1940.000
1924.000
1920.000
1844.000
1844.000
1844.000
1844.000
1756.000
1744.000
1672.000
1648.000
1604.000
1492.000
1492.000
1484.000
1348.000
1348.000
1196.000
1112.000
816.000
804.000
652.000
648.000
648.000
644.000
588.000
508.000
508.000
508.000
464.000
448.000
448.000
256.000
256.000
256.000
256.000
256.000
192.000
192.000
156.000
192.000
156.000
88.000
80.000
-136.000
80.000
-136.000
-136.000
-476.000
-136.000
-64.000
0.000
0.000
0.000
0.000
0.000
-64.000
-64.000
-64.000
-64.000
-64.000
-64.000
-64.000
-64.000
-104.000
-136.000
-272.000
-272.000
-104.000
-64.000
-104.000
-104.000
-64.000
0.000
0.000
0.000
0.000
-104.000
-272.000
-104.000
-104.000
-104.000
0.000
136.000
0.000
0.000
0.000
288.000
84.000
84.000
288.000
420.000
288.000
288.000
288.000
420.000
572.000
572.000
572.000
688.000
688.000
688.000
1252.000
1460.000
1252.000
1252.000
1252.000
1252.000
1460.000
1460.000
1460.000
1252.000
1072.000
1072.000
1072.000
1072.000
892.000
892.000
1072.000
892.000
856.000
856.000
856.000
892.000
856.000
856.000
892.000
856.000
744.000
744.000
744.000
744.000
744.000
744.000
856.000
856.000
744.000
744.000
448.000
432.000
432.000
432.000
432.000
376.000
272.000
212.000
212.000
212.000
212.000
272.000
272.000
272.000
212.000
212.000
300.000
300.000
300.000
300.000
212.000
212.000
212.000
212.000
300.000
300.000
300.000
300.000
328.000
328.000
468.000
468.000
468.000
468.000
468.000
300.000
172.000
80.000
64.000
80.000
80.000
64.000
64.000
80.000
172.000
452.000
172.000
80.000
80.000
80.000
172.000
64.000
64.000
64.000
64.000
24.000
24.000
24.000
64.000
64.000
64.000
64.000
24.000
232.000
232.000
232.000
232.000
276.000
232.000
232.000
168.000
232.000
240.000
240.000
240.000
236.000
236.000
236.000
236.000
236.000
236.000
236.000
236.000
192.000
168.000
168.000
192.000
204.000
192.000
192.000
192.000
204.000
200.000
200.000
192.000
200.000
200.000
200.000
200.000
200.000
200.000
200.000
192.000
200.000
204.000
204.000
220.000
220.000
236.000
236.000
256.000
256.000
256.000
256.000
236.000
236.000
220.000
220.000
236.000
236.000
220.000
216.000
216.000
152.000
152.000
152.000
152.000
216.000
152.000
152.000
152.000
152.000
152.000
136.000
136.000
132.000
132.000
132.000
132.000
132.000
136.000
136.000
132.000
132.000
132.000
132.000
132.000
180.000
180.000
180.000
180.000
180.000
180.000
180.000
180.000
180.000
208.000
180.000
180.000
208.000
236.000
208.000
208.000
208.000
208.000
180.000
180.000
180.000
208.000
152.000
152.000
152.000
152.000
184.000
152.000
152.000
152.000
140.000
152.000
140.000
140.000
136.000
140.000
156.000
140.000
136.000
136.000
132.000
132.000
128.000
128.000
128.000
128.000
128.000
120.000
128.000
128.000
128.000
128.000
128.000
120.000
120.000
128.000
128.000
132.000
132.000
156.000
172.000
172.000
172.000
184.000
184.000
188.000
184.000
184.000
188.000
196.000
188.000
196.000
196.000
188.000
196.000
196.000
188.000
188.000
196.000
196.000
196.000
196.000
188.000
196.000
196.000
188.000
188.000
196.000
196.000
196.000
196.000
196.000
196.000
196.000
196.000
196.000
196.000
196.000
196.000
192.000
188.000
188.000
184.000
180.000
180.000
180.000
184.000
184.000
180.000
172.000
180.000
180.000
180.000
180.000
180.000
168.000
168.000
168.000
168.000
168.000
168.000
168.000
164.000
180.000
184.000
180.000
180.000
184.000
184.000
184.000
184.000
184.000
184.000
188.000
188.000
184.000
184.000
184.000
184.000
184.000
184.000
184.000
168.000
164.000
168.000
184.000
180.000
184.000
184.000
184.000
184.000
184.000
184.000
184.000
180.000
184.000
180.000
176.000
176.000
176.000
180.000
176.000
176.000
176.000
176.000
176.000
176.000
180.000
184.000
180.000
180.000
184.000
184.000
184.000
176.000
176.000
176.000
176.000
184.000
184.000
176.000
184.000
184.000
180.000
184.000
180.000
184.000
180.000
184.000
184.000
184.000
184.000
184.000
180.000
180.000
180.000
180.000
180.000
176.000
176.000
176.000
176.000
180.000
176.000
176.000
180.000
180.000
180.000
180.000
180.000
176.000
176.000
176.000
176.000
176.000
176.000
176.000
168.000
168.000
168.000
168.000
176.000
176.000
176.000
180.000
180.000
180.000
180.000
180.000
180.000
180.000
180.000
176.000
176.000
176.000
180.000
180.000
184.000
180.000
184.000
184.000
184.000
184.000
188.000
192.000
192.000
192.000
192.000
192.000
188.000
188.000
188.000
196.000
196.000
196.000
196.000
196.000
196.000
196.000
196.000
196.000
196.000
196.000
196.000
196.000
188.000
188.000
184.000
184.000
184.000
180.000
176.000
176.000
176.000
172.000
176.000
172.000
172.000
168.000
168.000
168.000
168.000
172.000
172.000
168.000
168.000
168.000
168.000
172.000
172.000
172.000
176.000
172.000
172.000
168.000
172.000
172.000
168.000
168.000
176.000
176.000
176.000
176.000
176.000
176.000
176.000
180.000
180.000
180.000
188.000
188.000
192.000
188.000
188.000
180.000
180.000
188.000
188.000
188.000
188.000
180.000
180.000
180.000
180.000
180.000
180.000
180.000
180.000
180.000
180.000
176.000
176.000
176.000
176.000
176.000
176.000
168.000
168.000
168.000
168.000
168.000
168.000
160.000
160.000
168.000
168.000
176.000
176.000
176.000
176.000
176.000
176.000
176.000
176.000
176.000
172.000
168.000
172.000
176.000
168.000
176.000
178.000
180.000
182.000
184.000
188.000
184.000
