16568.000
16556.000
16568.000
16576.000
16568.000
16576.000
16584.000
16590.000
16584.000
16590.000
16596.000
16590.000
16596.000
16600.000
16596.000
16596.000
16596.000
16596.000
16588.000
16588.000
16588.000
16588.000
16588.000
16588.000
16588.000
16588.000
16596.000
16604.000
16604.000
16612.000
16624.000
16628.000
16624.000
16624.000
16604.000
16624.000
16628.000
16628.000
16628.000
16628.000
16648.000
16660.000
16660.000
16660.000
16660.000
16660.000
16664.000
16672.000
16688.000
16692.000
16716.000
16732.000
16744.000
16840.000
16840.000
16796.000
16744.000
16744.000
16744.000
16744.000
16716.000
16692.000
16692.000
16664.000
16664.000
16668.000
16624.000
16668.000
16716.000
16768.000
16768.000
16728.000
16668.000
16620.000
16596.000
16560.000
16536.000
16484.000
16468.000
16456.000
16452.000
16448.000
16412.000
16364.000
16320.000
16304.000
16320.000
16364.000
16408.000
16412.000
16412.000
16412.000
16412.000
16412.000
16412.000
16412.000
16412.000
16412.000
16408.000
16408.000
16408.000
16408.000
16408.000
16408.000
16408.000
16408.000
16408.000
16408.000
16408.000
16408.000
16408.000
16408.000
16376.000
16360.000
16324.000
16316.000
16292.000
16276.000
16276.000
16264.000
16264.000
16264.000
16264.000
16264.000
16264.000
16264.000
16276.000
16288.000
16288.000
16288.000
16276.000
16276.000
16288.000
16292.000
16292.000
16288.000
16288.000
16288.000
16288.000
16288.000
16288.000
16288.000
16288.000
16268.000
16268.000
16268.000
16204.000
16148.000
16148.000
16148.000
16148.000
16148.000
16148.000
16148.000
16148.000
16120.000
16120.000
16120.000
16088.000
16088.000
16088.000
16084.000
16084.000
16084.000
16084.000
16076.000
16084.000
16104.000
16104.000
16104.000
16104.000
16084.000
16084.000
16076.000
16072.000
16052.000
16048.000
16044.000
16024.000
16024.000
16024.000
16024.000
16024.000
16024.000
16024.000
16024.000
16044.000
16044.000
16048.000
16048.000
16048.000
16044.000
16024.000
16044.000
16044.000
16044.000
16044.000
16044.000
16000.000
16000.000
15976.000
15972.000
15972.000
15972.000
15964.000
15960.000
15880.000
15780.000
15780.000
15780.000
15748.000
15744.000
15744.000
15744.000
15744.000
15744.000
15744.000
15744.000
15736.000
15744.000
15748.000
15744.000
15748.000
15748.000
15772.000
15772.000
15748.000
15748.000
15748.000
15748.000
15748.000
15748.000
15744.000
15736.000
15708.000
15644.000
15640.000
15612.000
15588.000
15588.000
15588.000
15588.000
15584.000
15576.000
15528.000
15500.000
15500.000
15500.000
15500.000
15480.000
15480.000
15476.000
15476.000
15408.000
15408.000
15400.000
15400.000
15400.000
15400.000
15400.000
15400.000
15400.000
15400.000
15352.000
15344.000
15344.000
15280.000
15280.000
15280.000
15280.000
15276.000
15264.000
15264.000
15256.000
15256.000
15256.000
15248.000
15236.000
15212.000
15212.000
15212.000
15212.000
15212.000
15212.000
15208.000
15180.000
15180.000
15168.000
15168.000
15168.000
15144.000
15128.000
15080.000
15008.000
14992.000
14988.000
14976.000
14968.000
14952.000
14952.000
14952.000
14952.000
14952.000
14948.000
14948.000
14932.000
14932.000
14932.000
14932.000
14932.000
14932.000
14932.000
14924.000
14924.000
14924.000
14884.000
14884.000
14856.000
14832.000
14820.000
14788.000
14780.000
14776.000
14768.000
14768.000
14724.000
14708.000
14556.000
14484.000
14408.000
14388.000
14388.000
14388.000
14388.000
14388.000
14388.000
14388.000
14388.000
14388.000
14388.000
14388.000
14388.000
14448.000
14456.000
14484.000
14576.000
14620.000
14660.000
14660.000
14680.000
14680.000
14708.000
14712.000
14728.000
14736.000
14748.000
14748.000
14764.000
14764.000
14764.000
14764.000
14764.000
14764.000
14784.000
14832.000
14836.000
14860.000
14880.000
14892.000
14900.000
14932.000
14968.000
15028.000
15028.000
15040.000
15040.000
15040.000
15048.000
15052.000
15052.000
15052.000
15064.000
15064.000
15084.000
15112.000
15112.000
15112.000
15112.000
15112.000
15128.000
15128.000
15140.000
15152.000
15200.000
15308.000
15336.000
15436.000
15524.000
15524.000
15552.000
15576.000
15576.000
15576.000
15580.000
15580.000
15592.000
15592.000
15592.000
15592.000
15592.000
15596.000
15596.000
15620.000
15636.000
15640.000
15640.000
15660.000
15640.000
15640.000
15668.000
15672.000
15676.000
15692.000
15724.000
15724.000
15748.000
15828.000
15872.000
15888.000
15908.000
15912.000
15916.000
15924.000
15948.000
15968.000
15976.000
15976.000
15976.000
15980.000
15992.000
16004.000
16004.000
16008.000
16012.000
16016.000
16028.000
16028.000
16068.000
16068.000
16068.000
16076.000
16096.000
16104.000
16116.000
16124.000
16128.000
16148.000
16172.000
16176.000
16184.000
16216.000
16220.000
16224.000
16224.000
16228.000
16240.000
16268.000
16268.000
16268.000
16268.000
16268.000
16268.000
16272.000
16272.000
16272.000
16272.000
16272.000
16324.000
16324.000
16328.000
16348.000
16348.000
16348.000
16348.000
16336.000
16336.000
16352.000
16360.000
16360.000
16372.000
16380.000
16380.000
16380.000
16380.000
16360.000
16360.000
16376.000
16380.000
16412.000
16424.000
16448.000
16456.000
16456.000
16464.000
16456.000
16468.000
16496.000
16496.000
16496.000
16500.000
16500.000
16500.000
16504.000
16504.000
16504.000
16504.000
16504.000
16552.000
16568.000
16572.000
16588.000
16616.000
16616.000
16616.000
16588.000
16568.000
16568.000
16568.000
16568.000
16568.000
16588.000
16604.000
16656.000
16656.000
16648.000
16648.000
16648.000
16628.000
16608.000
16608.000
16608.000
16608.000
16608.000
16608.000
16608.000
16608.000
16608.000
16608.000
16628.000
16628.000
16628.000
16628.000
16628.000
16628.000
16628.000
16608.000
16608.000
16608.000
16576.000
16544.000
16576.000
16608.000
16608.000
16632.000
16632.000
16632.000
16632.000
16608.000
16608.000
16576.000
16576.000
16572.000
16532.000
16532.000
16572.000
16576.000
16604.000
16604.000
16604.000
16604.000
16604.000
16604.000
16604.000
16604.000
16632.000
16664.000
16604.000
16572.000
16552.000
16516.000
16492.000
16492.000
16492.000
16492.000
16516.000
16516.000
16552.000
16560.000
16560.000
16560.000
16560.000
16552.000
16560.000
16560.000
16592.000
16592.000
16592.000
16592.000
16592.000
16592.000
16592.000
16592.000
16592.000
16592.000
16596.000
16596.000
16592.000
16596.000
16592.000
16592.000
16592.000
16592.000
16592.000
16592.000
16592.000
16592.000
16596.000
16592.000
16596.000
16600.000
16592.000
16592.000
16600.000
16604.000
16604.000
16600.000
16600.000
16600.000
16596.000
16592.000
16596.000
16596.000
16592.000
16592.000
16592.000
16596.000
16596.000
16596.000
16588.000
16588.000
16588.000
16588.000
16588.000
16588.000
16588.000
16588.000
16588.000
16588.000
16588.000
16588.000
16588.000
16596.000
16588.000
16588.000
16588.000
16588.000
16588.000
16588.000
16600.000
16588.000
16588.000
16608.000
16584.000
16584.000
16584.000
16608.000
16600.000
16608.000
16600.000
16584.000
16584.000
16584.000
16600.000
16600.000
16584.000
16584.000
16576.000
16584.000
16600.000
16640.000
16640.000
16640.000
16644.000
16644.000
16720.000
16740.000
16740.000
16748.000
16748.000
16748.000
16740.000
16740.000
16740.000
16740.000
16740.000
16736.000
16720.000
16720.000
16720.000
16720.000
16624.000
16624.000
16624.000
16564.000
16552.000
16536.000
16536.000
16536.000
16536.000
16524.000
16524.000
16512.000
16508.000
16492.000
16480.000
16480.000
16480.000
16472.000
16480.000
16480.000
16480.000
16480.000
16480.000
16480.000
16480.000
16480.000
16492.000
16492.000
16492.000
16480.000
16480.000
16480.000
16480.000
16464.000
16444.000
16444.000
16444.000
16440.000
16428.000
16428.000
16424.000
16424.000
16424.000
16424.000
16424.000
16420.000
16348.000
16340.000
16340.000
16300.000
16296.000
16292.000
16288.000
16280.000
16244.000
16228.000
16228.000
16212.000
16212.000
16212.000
16212.000
16212.000
16212.000
16212.000
16212.000
16212.000
16212.000
16228.000
16228.000
16228.000
16228.000
16228.000
16228.000
16228.000
16228.000
16228.000
16212.000
16212.000
16196.000
16156.000
16152.000
16084.000
16080.000
16064.000
16056.000
16056.000
16028.000
16016.000
15988.000
15980.000
15928.000
15904.000
15848.000
15808.000
15808.000
15800.000
15740.000
15732.000
15728.000
15728.000
15728.000
15724.000
15720.000
15716.000
15716.000
15716.000
15716.000
15716.000
15688.000
15676.000
15652.000
15652.000
15648.000
15640.000
15632.000
15612.000
15608.000
15584.000
15584.000
15568.000
15564.000
15548.000
15516.000
15492.000
15488.000
15480.000
15476.000
15424.000
15408.000
15384.000
15384.000
15384.000
15384.000
15384.000
15384.000
15384.000
15372.000
15344.000
15328.000
15320.000
15316.000
15316.000
15320.000
15320.000
15320.000
15316.000
15316.000
15316.000
15316.000
15316.000
15316.000
15316.000
15316.000
15260.000
15320.000
15320.000
15260.000
15260.000
15244.000
15196.000
15192.000
15184.000
15184.000
15184.000
15184.000
15184.000
15172.000
15160.000
15148.000
15096.000
15096.000
15072.000
14984.000
14980.000
14980.000
14968.000
14960.000
14900.000
14872.000
14816.000
14796.000
14724.000
14724.000
14724.000
14724.000
14724.000
14724.000
14724.000
14724.000
14724.000
14724.000
14844.000
14844.000
14844.000
14844.000
14844.000
14844.000
14844.000
14848.000
14876.000
15012.000
15060.000
15088.000
15124.000
15124.000
15128.000
15132.000
15144.000
15152.000
15152.000
15156.000
15168.000
15176.000
15192.000
15224.000
15228.000
15244.000
15284.000
15288.000
15340.000
15376.000
15472.000
15528.000
15584.000
15592.000
15604.000
15612.000
15704.000
15724.000
15724.000
15752.000
15772.000
15800.000
15816.000
15836.000
15836.000
15836.000
15844.000
15872.000
15872.000
15896.000
15916.000
15924.000
15932.000
15940.000
15944.000
15944.000
15944.000
15960.000
15964.000
15996.000
16000.000
16028.000
16032.000
16044.000
16052.000
16064.000
16068.000
16096.000
16100.000
16156.000
16156.000
16160.000
16188.000
16204.000
16208.000
16216.000
16216.000
16216.000
16324.000
16332.000
16332.000
16332.000
16352.000
16384.000
16400.000
16400.000
16400.000
16408.000
16428.000
16432.000
16432.000
16448.000
16464.000
16464.000
16464.000
16464.000
16464.000
16468.000
16464.000
16468.000
16468.000
16496.000
16512.000
16524.000
16540.000
16540.000
16556.000
16560.000
16560.000
16596.000
16596.000
16596.000
16600.000
16608.000
16612.000
16616.000
16620.000
16624.000
16628.000
16628.000
16644.000
16652.000
16664.000
16664.000
16668.000
16668.000
16668.000
16668.000
16668.000
16668.000
16668.000
16676.000
16704.000
16704.000
16704.000
16704.000
16704.000
16704.000
16676.000
16676.000
16676.000
16704.000
16716.000
16748.000
16716.000
16704.000
16648.000
16648.000
16704.000
16648.000
16640.000
16640.000
16636.000
16636.000
16636.000
16636.000
16636.000
16624.000
16624.000
16632.000
16632.000
16632.000
16636.000
16632.000
16632.000
16632.000
16624.000
16620.000
16620.000
16624.000
16624.000
16624.000
16620.000
16620.000
16620.000
16620.000
16616.000
16616.000
16612.000
16608.000
16604.000
16604.000
16596.000
16596.000
16596.000
16596.000
16596.000
16596.000
16596.000
16604.000
16604.000
16604.000
16604.000
16604.000
16604.000
16604.000
16604.000
16604.000
16596.000
16604.000
16604.000
16596.000
16604.000
16604.000
16604.000
16604.000
16600.000
16600.000
16600.000
16600.000
16600.000
16600.000
16600.000
16596.000
16596.000
16592.000
16592.000
16592.000
16592.000
16592.000
16592.000
16592.000
16592.000
16592.000
16592.000
16592.000
16592.000
16592.000
16592.000
16592.000
16588.000
16588.000
16588.000
16588.000
16588.000
16588.000
16588.000
16588.000
16588.000
16588.000
16588.000
16588.000
16588.000
16584.000
16584.000
16584.000
16584.000
16584.000
16584.000
16584.000
16584.000
16584.000
16584.000
16584.000
16580.000
16584.000
16584.000
16584.000
16584.000
16584.000
16580.000
16576.000
16576.000
16576.000
16576.000
16576.000
16576.000
16576.000
16576.000
16576.000
16576.000
16576.000
16576.000
16576.000
16576.000
16572.000
16576.000
16576.000
16576.000
16576.000
16576.000
16576.000
16576.000
16576.000
16588.000
16604.000
16604.000
16588.000
16592.000
16592.000
16592.000
16592.000
16604.000
16592.000
16592.000
16592.000
16592.000
16604.000
16592.000
16592.000
16592.000
16592.000
16592.000
16592.000
16592.000
16592.000
16588.000
16584.000
16580.000
16580.000
16580.000
16580.000
16580.000
16580.000
16576.000
16576.000
16576.000
16576.000
16576.000
16576.000
16576.000
16576.000
16576.000
16576.000
16576.000
16576.000
16576.000
16576.000
16576.000
16576.000
16572.000
16572.000
16572.000
16572.000
16572.000
16580.000
16572.000
16572.000
16576.000
16584.000
16576.000
16584.000
16576.000
16584.000
16588.000
16588.000
16584.000
16584.000
16584.000
16584.000
16584.000
16584.000
16584.000
16584.000
16584.000
16588.000
16588.000
16600.000
16600.000
16600.000
16600.000
16600.000
16600.000
16600.000
16600.000
16600.000
16600.000
16600.000
16600.000
16600.000
16600.000
16600.000
16600.000
16600.000
16600.000
16600.000
16596.000
16596.000
16596.000
16588.000
16588.000
16588.000
16584.000
16588.000
16588.000
16588.000
16588.000
16588.000
16584.000
16584.000
16584.000
16588.000
16584.000
16580.000
16584.000
16580.000
16584.000
16580.000
16580.000
16584.000
16588.000
16588.000
16592.000
16592.000
16592.000
16592.000
16592.000
16592.000
16592.000
16592.000
16588.000
16588.000
16592.000
16592.000
16592.000
16592.000
16592.000
16592.000
16592.000
16592.000
16592.000
16592.000
16596.000
16592.000
16596.000
16596.000
16596.000
16596.000
16596.000
16596.000
16596.000
16596.000
16596.000
16596.000
16592.000
16592.000
16592.000
16592.000
16592.000
16592.000
16592.000
16592.000
16592.000
16596.000
16592.000
16592.000
16588.000
16588.000
16588.000
16584.000
16584.000
16584.000
16580.000
16584.000
16584.000
16580.000
16580.000
16584.000
16584.000
16584.000
16588.000
16584.000
16584.000
16584.000
16580.000
16580.000
16584.000
16588.000
16588.000
16588.000
16588.000
16592.000
16592.000
16592.000
16592.000
16592.000
16596.000
16596.000
16592.000
16596.000
16600.000
16600.000
16600.000
16600.000
16604.000
16604.000
16604.000
16604.000
16604.000
16604.000
16604.000
16608.000
16604.000
16604.000
16604.000
16604.000
16608.000
16608.000
16608.000
16608.000
16608.000
16608.000
16608.000
16608.000
16608.000
16608.000
16608.000
16608.000
16608.000
16608.000
16608.000
16608.000
16604.000
16596.000
16596.000
16596.000
16592.000
16596.000
16596.000
16596.000
16600.000
16596.000
16596.000
16592.000
16592.000
16600.000
16600.000
16600.000
16608.000
16600.000
16600.000
16608.000
16608.000
16608.000
16608.000
16608.000
16608.000
16608.000
16608.000
16608.000
16608.000
16608.000
16608.000
16608.000
16608.000
16604.000
16604.000
16604.000
16604.000
16600.000
16596.000
16596.000
16596.000
16596.000
16600.000
16600.000
16596.000
16592.000
16592.000
16596.000
16596.000
16592.000
16592.000
16592.000
16592.000
16588.000
16592.000
16588.000
16588.000
16592.000
16592.000
16592.000
16592.000
16592.000
16592.000
16592.000
16600.000
16592.000
16592.000
16592.000
16592.000
16592.000
16592.000
16592.000
16584.000
16584.000
16584.000
16580.000
16576.000
16574.000
16576.000
16574.000
16576.000
16584.000
16576.000
16584.000
16576.000
16572.000
16576.000
