4384
4348
4248
4216
4112
4052
4048
3880
3972
3932
3820
3788
3776
3696
3616
3528
3552
3556
3392
3400
3380
3292
3336
3292
3168
3168
3144
3120
3036
2860
2912
2880
2792
2768
2684
2688
2648
2580
2500
2364
2412
2376
2312
2272
2152
2112
2232
2092
2092
2100
2004
1992
1964
1828
1880
1804
1648
1600
1696
1564
1516
1544
1468
1388
1456
1444
1372
1300
1296
1320
1288
1252
1280
1156
1208
1144
1068
1048
1020
1008
940
980
968
920
928
832
936
860
832
720
240
232
836
820
936
864
856
916
944
968
1004
764
616
444
504
540
484
580
632
472
268
628
708
672
732
516
256
272
440
428
440
612
564
1260
1104
1732
620
588
292
212
212
232
132
-344
336
740
288
168
168
300
452
356
272
352
564
412
280
444
240
296
488
400
416
404
396
428
268
684
292
368
644
212
244
376
488
388
212
160
-868
432
268
40
332
440
8
564
492
384
416
420
536
332
372
348
412
136
312
420
640
500
316
436
360
404
440
304
176
156
212
188
324
288
376
184
252
328
308
260
288
364
324
264
-116
36
288
348
200
92
24
172
232
212
224
188
208
136
192
128
220
224
192
252
204
-40
112
-1444
-188
312
332
400
396
268
380
292
200
304
204
196
244
116
220
220
144
188
152
208
224
136
216
236
200
224
152
184
184
288
196
188
200
200
200
156
236
160
168
196
252
240
232
272
200
152
180
200
248
200
128
220
156
200
220
200
220
196
216
164
184
224
228
212
192
164
192
176
180
256
176
220
200
160
140
204
204
220
220
208
188
244
144
196
200
196
236
192
212
212
228
252
188
232
268
244
168
168
200
212
168
196
176
168
188
240
168
172
200
172
168
180
220
228
108
148
180
180
228
224
44
-160
32
376
236
528
-44
40
160
148
304
176
164
152
128
276
172
124
204
236
244
224
196
184
212
184
188
224
160
476
272
100
208
248
80
-88
104
172
496
192
340
260
140
292
208
220
340
300
336
236
272
348
288
220
196
168
232
112
144
164
128
356
488
616
596
512
688
716
604
648
660
744
816
912
892
1040
912
1008
1056
1124
1140
1120
1180
1288
1276
1264
1272
1344
1364
1348
1336
1420
1556
1536
1480
1580
1680
1692
1656
1724
1768
1824
1792
1700
1740
1876
1776
1832
1880
2008
1932
1900
1904
1928
2008
2160
2176
2296
2320
2252
2312
2272
2356
2448
2480
2528
2544
2540
2532
2584
2668
2688
2844
2924
2984
3036
3136
3208
3364
3208
3368
3416
3376
3464
3500
3612
3664
3592
3724
3784
3808
3884
3968
3872
4036
4136
4116
4208
4148
4408
4468
4488
4472
4504
4636
4676
4756
4724
4848
4852
4948
4952
5112
5140
5224
5152
5120
5244
5332
5328
5284
5272
5272
5252
5376
5460
5428
5456
5476
5636
5652
5680
5732
5860
5820
5860
5900
5940
5804
5844
5976
5884
6012
5956
6012
5996
6044
6128
6136
6248
6280
6260
6260
6180
6280
6268
6424
6356
6444
6448
6468
6492
6568
6612
6520
6616
6732
6688
6664
6736
6816
6856
6896
6880
6992
6884
6904
6884
6992
7060
7152
7096
7168
7124
7104
7248
7292
7288
7432
7372
7388
7400
7452
7604
7424
7520
7560
7652
7596
7592
7580
7668
7668
7724
7764
7752
7788
7872
7828
7896
7892
7932
8020
8092
8036
8036
8168
8128
8108
8236
8328
8224
8316
8436
8380
8348
8492
8396
8404
8324
8236
8440
8488
8300
8600
8580
8588
8636
8772
8668
8860
8776
8808
8820
9000
8484
8724
8784
8884
8612
8556
8692
8840
8792
8656
8736
8668
8668
8792
8772
8736
8644
8564
8556
8548
8552
8576
8492
8488
8684
8420
8460
8672
8360
8288
8348
8284
8296
8252
8316
8168
8096
7972
8116
8108
8148
8240
7964
8148
8044
8040
7916
7992
7944
7924
7848
7880
7792
7752
7704
7684
7608
7628
7512
7572
7460
7396
7372
7328
7336
7372
7324
7356
7268
7204
7144
7032
6864
7056
6868
6804
6732
6724
6688
6608
6604
6564
6524
6420
6308
6332
6272
6276
6244
6144
6092
6068
6044
5916
5912
5912
5928
5792
5776
5752
5668
5604
5500
5528
5456
5204
5492
5408
5496
5440
5208
5320
5136
5020
5052
5008
5036
4824
4848
4836
4824
4832
4624
4684
4524
4560
4500
4436
4424
4344
4308
4264
4288
4256
4164
4112
4092
4104
4052
3960
3968
3956
3884
3800
3760
3736
3648
3660
3496
3512
3504
3384
3312
3152
3120
3088
2960
2924
2776
2784
2748
2680
2640
2512
2524
2480
2408
2432
2412
2404
2300
2148
2092
2064
1980
1888
2016
1992
1980
1860
1868
1964
1852
1748
1628
1624
1528
1412
1512
1464
1236
1324
1552
1312
1468
1292
1424
1324
1356
1308
1288
1292
1184
1128
1088
1052
1020
1020
876
900
968
872
968
864
864
856
912
816
760
856
820
840
788
776
736
760
720
716
684
772
416
600
608
688
568
640
604
716
772
684
576
648
700
712
560
612
548
644
572
644
624
920
1664
904
404
-296
-316
192
696
548
592
536
416
500
412
416
448
568
544
516
468
352
436
508
352
388
304
400
444
508
344
296
532
336
464
400
500
476
444
452
372
524
464
336
404
404
376
456
476
500
480
376
396
376
400
384
704
136
1024
-88
388
372
244
276
408
228
756
184
984
300
384
472
448
436
352
436
336
772
472
8
284
668
348
792
492
444
480
556
412
300
436
456
268
616
456
468
488
404
528
424
516
428
404
392
408
484
380
152
-136
452
660
500
372
172
252
268
200
300
352
300
296
152
284
-96
56
224
248
260
236
256
264
208
188
220
132
168
176
232
480
152
224
180
188
216
176
248
200
176
216
148
276
232
144
216
204
128
188
168
148
20
108
212
172
264
236
212
188
120
200
208
168
200
188
124
68
128
400
344
216
196
260
416
356
172
144
136
272
308
236
176
192
292
348
244
164
320
320
176
112
-16
-40
60
64
244
444
632
700
708
792
780
892
832
828
776
840
864
920
836
1012
1008
940
1040
1136
1164
1232
1260
1248
1320
1396
1400
1396
1396
1428
1556
1660
1652
1660
1824
1868
1900
1948
2028
2080
2096
2220
2228
2212
2260
2288
2368
2384
2288
2360
2536
2540
2616
2584
2672
2672
2616
2708
2708
2796
2932
2964
2948
3120
3120
3192
3252
3212
3440
3464
3384
3372
3436
3528
3568
3516
3560
3624
3712
3728
3848
3836
3868
3936
3940
4060
4060
4092
4156
4208
4328
4272
4436
4396
4492
4428
4432
4532
4472
4456
4552
4628
4688
4656
4720
4744
4780
4908
4824
4836
4948
5044
4936
5072
4988
5068
5160
5124
5248
5360
5388
5364
5372
5268
5344
5384
5400
5576
5492
5588
5768
5728
5748
5704
5740
5888
5900
5848
5824
5864
5820
6020
6108
6084
6296
6256
6304
6388
6388
6476
6508
6524
6472
6452
6552
6520
6552
6524
6708
6700
6688
6796
6760
6780
6844
6812
6932
6976
6992
6964
7000
7028
6972
7040
7060
7060
7060
7028
7144
7268
7180
7120
7188
7188
7208
7260
7288
7316
7240
7408
7320
7532
7464
7452
7424
7396
7656
7568
7688
7628
7652
7544
7592
7460
7496
7520
7532
7436
7516
7472
7380
7420
7464
7484
7376
7232
7152
7272
7176
7200
7220
7172
7092
7064
7012
7020
7028
7060
6988
6928
6964
6988
6968
6904
6916
6848
6788
6800
6648
6700
6692
6604
6464
6468
6512
6484
6264
6236
6300
6124
6160
6048
6212
6176
6044
6016
5932
5956
5888
5776
5808
5600
5632
5548
5508
5376
5396
5368
5376
5404
5200
5240
5184
5128
5032
5076
4972
4956
4888
4768
4844
4796
4816
4716
4656
4576
4528
4536
4388
4464
4376
4312
4280
4220
4260
4240
4180
4044
4124
4140
4052
3916
3900
3888
3880
3888
4064
3876
3756
3656
3544
3568
3572
3480
3456
3412
3336
3392
3568
3304
3232
3124
3076
2848
3016
2844
3048
2680
2896
2756
3052
2752
2632
2604
2524
2448
2468
2408
2248
2236
2168
2120
2072
2000
1988
1912
1968
1876
1880
1804
1800
1796
1736
1724
1688
1656
1532
1508
1612
1560
1436
1332
1368
1324
1260
1328
1228
1148
1192
1116
1092
1148
1136
1044
1068
1044
1008
940
936
868
872
856
800
792
756
940
