-276.000
-264.000
-252.000
-264.000
-252.000
-264.000
-276.000
-264.000
-276.000
-268.000
-276.000
-268.000
-260.000
-276.000
-264.000
-260.000
-260.000
-260.000
-260.000
-264.000
-260.000
-260.000
-260.000
-260.000
-260.000
-256.000
-256.000
-260.000
-260.000
-260.000
-260.000
-260.000
-260.000
-260.000
-260.000
-256.000
-260.000
-264.000
-260.000
-256.000
-260.000
-260.000
-272.000
-260.000
-256.000
-256.000
-248.000
-260.000
-260.000
-288.000
-288.000
-304.000
-288.000
-288.000
-288.000
-304.000
-304.000
-304.000
-304.000
-288.000
-304.000
-304.000
-308.000
-312.000
-328.000
-312.000
-312.000
-308.000
-308.000
-308.000
-308.000
-308.000
-312.000
-312.000
-312.000
-328.000
-328.000
-328.000
-312.000
-284.000
-284.000
-284.000
-284.000
-216.000
-216.000
-216.000
-212.000
-212.000
-132.000
-132.000
-8.000
156.000
-8.000
-8.000
-8.000
-8.000
-8.000
44.000
88.000
52.000
52.000
88.000
180.000
180.000
184.000
196.000
232.000
232.000
248.000
248.000
248.000
284.000
312.000
312.000
312.000
336.000
336.000
348.000
412.000
416.000
456.000
480.000
492.000
492.000
544.000
544.000
552.000
576.000
576.000
576.000
576.000
660.000
724.000
848.000
848.000
896.000
896.000
908.000
988.000
996.000
1016.000
1028.000
1032.000
1052.000
1052.000
1060.000
1088.000
1092.000
1096.000
1176.000
1204.000
1264.000
1356.000
1368.000
1376.000
1384.000
1412.000
1436.000
1496.000
1532.000
1672.000
1692.000
1764.000
1764.000
1884.000
1940.000
1988.000
2140.000
2280.000
2284.000
2316.000
2344.000
2352.000
2400.000
2432.000
2564.000
2656.000
2768.000
2820.000
2872.000
2912.000
2928.000
3124.000
3148.000
3236.000
3316.000
3384.000
3424.000
3432.000
3432.000
3436.000
3496.000
3508.000
3532.000
3604.000
3644.000
3648.000
3704.000
3900.000
3904.000
3932.000
3956.000
4008.000
4012.000
4020.000
4056.000
4084.000
4096.000
4316.000
4368.000
4384.000
4404.000
4404.000
4404.000
4404.000
4600.000
4784.000
4872.000
4984.000
5156.000
5296.000
5308.000
5404.000
5544.000
5676.000
5760.000
5776.000
5836.000
5836.000
5836.000
5992.000
6080.000
6120.000
6128.000
6240.000
6240.000
6240.000
6308.000
6364.000
6400.000
6400.000
6576.000
6576.000
6700.000
6700.000
6708.000
6708.000
6708.000
6712.000
6712.000
6712.000
6712.000
6712.000
6780.000
6808.000
6808.000
6780.000
6780.000
6780.000
6712.000
6720.000
6712.000
6720.000
6720.000
6720.000
6712.000
6712.000
6712.000
6712.000
6712.000
6712.000
6712.000
6712.000
6712.000
6712.000
6720.000
6720.000
6720.000
6712.000
6712.000
6712.000
6712.000
6708.000
6568.000
6568.000
6540.000
6540.000
6540.000
6528.000
6504.000
6480.000
6480.000
6504.000
6480.000
6480.000
6480.000
6504.000
6520.000
6520.000
6480.000
6480.000
6480.000
6468.000
6480.000
6424.000
6424.000
6424.000
6368.000
6424.000
6424.000
6424.000
6424.000
6300.000
6300.000
6300.000
6520.000
6620.000
6620.000
6780.000
6844.000
6844.000
6780.000
6708.000
6708.000
6780.000
6780.000
6708.000
6780.000
6708.000
6708.000
6464.000
6464.000
6464.000
6404.000
6404.000
6404.000
6168.000
6168.000
6024.000
5972.000
5972.000
5604.000
5596.000
5560.000
5540.000
5512.000
5500.000
5500.000
5460.000
5428.000
5428.000
5428.000
5428.000
5428.000
5428.000
5352.000
5344.000
5316.000
5316.000
5300.000
5260.000
5232.000
5212.000
5212.000
5164.000
5124.000
5124.000
4916.000
4904.000
4884.000
4860.000
4856.000
4856.000
4764.000
4720.000
4628.000
4608.000
4548.000
4548.000
4520.000
4468.000
4464.000
4436.000
4196.000
4148.000
4088.000
4084.000
3964.000
3960.000
3748.000
3628.000
3608.000
3588.000
3432.000
3380.000
3300.000
3192.000
3152.000
3136.000
3072.000
3052.000
2788.000
2764.000
2748.000
2736.000
2736.000
2736.000
2724.000
2672.000
2656.000
2560.000
2532.000
2516.000
2512.000
2236.000
1996.000
1772.000
1628.000
1568.000
1420.000
1392.000
1368.000
1180.000
1116.000
992.000
976.000
956.000
956.000
956.000
928.000
876.000
868.000
720.000
676.000
512.000
396.000
388.000
368.000
300.000
264.000
128.000
-48.000
-172.000
-224.000
-260.000
-384.000
-488.000
-732.000
-956.000
-1068.000
-1160.000
-1196.000
-1412.000
-1608.000
-1816.000
-1876.000
-1944.000
-2104.000
-2360.000
-2468.000
-3064.000
-3084.000
-3156.000
-3164.000
-3276.000
-3336.000
-3660.000
-3808.000
-3876.000
-3916.000
-3976.000
-4004.000
-4276.000
-4312.000
-4336.000
-4408.000
-4448.000
-4560.000
-4620.000
-4696.000
-4772.000
-4860.000
-4912.000
-5052.000
-5100.000
-5124.000
-5260.000
-5352.000
-5504.000
-5524.000
-5528.000
-5648.000
-5704.000
-5756.000
-5764.000
-5768.000
-5808.000
-5888.000
-6004.000
-6036.000
-6084.000
-6092.000
-6112.000
-6112.000
-6116.000
-6120.000
-6120.000
-6120.000
-6152.000
-6196.000
-6244.000
-6244.000
-6244.000
-6244.000
-6252.000
-6276.000
-6276.000
-6276.000
-6276.000
-6324.000
-6352.000
-6356.000
-6356.000
-6364.000
-6364.000
-6364.000
-6388.000
-6428.000
-6436.000
-6492.000
-6492.000
-6496.000
-6504.000
-6504.000
-6504.000
-6548.000
-6548.000
-6568.000
-6656.000
-6672.000
-6680.000
-6680.000
-6688.000
-6700.000
-6748.000
-6880.000
-6908.000
-6924.000
-6924.000
-6928.000
-7124.000
-7252.000
-7400.000
-7400.000
-7400.000
-7400.000
-7400.000
-7400.000
-7400.000
-7400.000
-7400.000
-7400.000
-7400.000
-7400.000
-7400.000
-6972.000
-6932.000
-6876.000
-6844.000
-6780.000
-6500.000
-6440.000
-6392.000
-6328.000
-6308.000
-6248.000
-6068.000
-5972.000
-5920.000
-5668.000
-5300.000
-5268.000
-4892.000
-4824.000
-4720.000
-4684.000
-4612.000
-4604.000
-4596.000
-4536.000
-4492.000
-4456.000
-4412.000
-4340.000
-4264.000
-4216.000
-3936.000
-3520.000
-3512.000
-3416.000
-3304.000
-3268.000
-3112.000
-3092.000
-3072.000
-2980.000
-2956.000
-2848.000
-2672.000
-2668.000
-2520.000
-2508.000
-2428.000
-2420.000
-2300.000
-2280.000
-2220.000
-2216.000
-2060.000
-2028.000
-1976.000
-1888.000
-1872.000
-1848.000
-1804.000
-1596.000
-1460.000
-1424.000
-1340.000
-1288.000
-1248.000
-1180.000
-1168.000
-1136.000
-1120.000
-1016.000
-872.000
-848.000
-812.000
-808.000
-784.000
-756.000
-700.000
-680.000
-556.000
-524.000
-412.000
-300.000
-224.000
-212.000
-212.000
-172.000
-148.000
-116.000
-80.000
-72.000
-72.000
-56.000
4.000
12.000
68.000
76.000
160.000
160.000
204.000
232.000
232.000
232.000
248.000
380.000
392.000
396.000
524.000
544.000
580.000
596.000
600.000
600.000
600.000
660.000
672.000
684.000
684.000
708.000
684.000
684.000
672.000
660.000
632.000
624.000
624.000
624.000
624.000
624.000
624.000
624.000
624.000
608.000
564.000
496.000
488.000
480.000
468.000
252.000
208.000
208.000
204.000
200.000
200.000
192.000
152.000
96.000
72.000
68.000
48.000
36.000
36.000
32.000
32.000
32.000
-32.000
-68.000
-256.000
-344.000
-408.000
-444.000
-556.000
-612.000
-676.000
-696.000
-696.000
-704.000
-788.000
-804.000
-816.000
-836.000
-844.000
-916.000
-956.000
-1172.000
-1212.000
-1220.000
-1232.000
-1272.000
-1272.000
-1276.000
-1292.000
-1332.000
-1412.000
-1540.000
-1572.000
-1632.000
-1660.000
-1660.000
-1720.000
-1660.000
-1660.000
-1720.000
-1732.000
-1760.000
-1800.000
-1880.000
-1896.000
-1984.000
-2044.000
-2108.000
-2180.000
-2192.000
-2192.000
-2192.000
-2192.000
-2184.000
-2184.000
-2180.000
-2180.000
-2144.000
-2108.000
-2044.000
-2044.000
-2044.000
-2108.000
-2108.000
-2108.000
-2108.000
-2108.000
-2108.000
-2076.000
-1988.000
-1984.000
-1860.000
-1844.000
-1832.000
-1832.000
-1832.000
-1844.000
-1844.000
-1832.000
-1832.000
-1792.000
-1756.000
-1792.000
-1844.000
-1844.000
-1860.000
-1860.000
-1844.000
-1792.000
-1792.000
-1792.000
-1792.000
-1792.000
-1792.000
-1792.000
-1792.000
-1792.000
-1792.000
-1768.000
-1764.000
-1732.000
-1732.000
-1764.000
-1764.000
-1764.000
-1768.000
-1768.000
-1768.000
-1768.000
-1768.000
-1764.000
-1768.000
-1780.000
-1780.000
-1780.000
-1768.000
-1756.000
-1756.000
-1716.000
-1696.000
-1696.000
-1696.000
-1640.000
-1640.000
-1640.000
-1640.000
-1616.000
-1612.000
-1612.000
-1572.000
-1564.000
-1572.000
-1564.000
-1504.000
-1456.000
-1436.000
-1424.000
-1280.000
-1248.000
-1132.000
-1020.000
-924.000
-908.000
-740.000
-368.000
-300.000
-288.000
-20.000
-20.000
132.000
236.000
236.000
364.000
420.000
420.000
420.000
420.000
420.000
420.000
364.000
364.000
548.000
548.000
548.000
548.000
548.000
676.000
716.000
716.000
676.000
248.000
224.000
224.000
248.000
248.000
248.000
1204.000
248.000
224.000
176.000
224.000
224.000
224.000
188.000
188.000
188.000
176.000
176.000
188.000
248.000
188.000
188.000
188.000
248.000
188.000
1060.000
1060.000
188.000
188.000
92.000
92.000
-60.000
-60.000
-60.000
92.000
92.000
92.000
188.000
364.000
888.000
1060.000
1060.000
888.000
364.000
92.000
92.000
92.000
92.000
-188.000
-188.000
-348.000
-348.000
-188.000
-348.000
-188.000
-188.000
-188.000
28.000
28.000
28.000
-188.000
28.000
-188.000
-348.000
-348.000
-348.000
-348.000
28.000
28.000
28.000
492.000
492.000
28.000
492.000
584.000
948.000
952.000
952.000
952.000
948.000
948.000
952.000
1228.000
1532.000
1228.000
1228.000
952.000
1532.000
2624.000
2624.000
1532.000
1448.000
952.000
1268.000
1268.000
1268.000
1268.000
1268.000
1004.000
1004.000
828.000
824.000
676.000
824.000
824.000
824.000
676.000
676.000
628.000
-200.000
628.000
676.000
676.000
676.000
676.000
676.000
628.000
-256.000
-256.000
528.000
628.000
888.000
888.000
888.000
888.000
888.000
908.000
1036.000
1036.000
1036.000
888.000
1036.000
888.000
888.000
888.000
768.000
528.000
476.000
344.000
184.000
-32.000
-32.000
-32.000
-68.000
-120.000
-168.000
-280.000
-332.000
-332.000
-352.000
-352.000
-416.000
-444.000
-444.000
-444.000
-444.000
-452.000
-452.000
-452.000
-444.000
-416.000
-416.000
-332.000
-332.000
-304.000
-332.000
-332.000
-304.000
-332.000
-304.000
-272.000
-272.000
-264.000
-264.000
-264.000
-260.000
-260.000
-260.000
-260.000
-264.000
-260.000
-260.000
-264.000
-272.000
-272.000
-276.000
-272.000
-276.000
-300.000
-300.000
-300.000
-300.000
-300.000
-276.000
-276.000
-276.000
-276.000
-276.000
-300.000
-300.000
-320.000
-352.000
-300.000
-300.000
-292.000
-300.000
-300.000
-300.000
-292.000
-300.000
-300.000
-416.000
-300.000
-352.000
-352.000
-292.000
-248.000
-248.000
-248.000
-248.000
-292.000
-248.000
-248.000
-192.000
-176.000
-176.000
-176.000
-176.000
-176.000
-192.000
-176.000
-168.000
-168.000
-168.000
-168.000
-128.000
-128.000
-168.000
-168.000
-168.000
-168.000
-168.000
-128.000
-128.000
-220.000
-128.000
-220.000
-356.000
-392.000
-392.000
-392.000
-392.000
-408.000
-424.000
-424.000
-424.000
-424.000
-424.000
-472.000
-472.000
-472.000
-424.000
-416.000
-408.000
-408.000
-408.000
-408.000
-408.000
-356.000
-280.000
-280.000
-280.000
-280.000
-216.000
-216.000
-212.000
-156.000
-156.000
-156.000
-156.000
-156.000
-156.000
-212.000
-156.000
-156.000
-176.000
-176.000
-208.000
-208.000
-176.000
-176.000
-192.000
-196.000
-208.000
-212.000
-208.000
-208.000
-208.000
-196.000
-208.000
-208.000
-304.000
-304.000
-304.000
-320.000
-324.000
-320.000
-324.000
-324.000
-324.000
-324.000
-320.000
-320.000
-320.000
-320.000
-320.000
-332.000
-332.000
-332.000
-320.000
-320.000
-320.000
-320.000
-320.000
-304.000
-320.000
-320.000
-284.000
-260.000
-248.000
-228.000
-248.000
-248.000
-252.000
-252.000
-248.000
-252.000
-248.000
-252.000
-252.000
-248.000
-240.000
-240.000
-240.000
-248.000
-252.000
-248.000
-248.000
-248.000
-248.000
-248.000
-252.000
-252.000
-252.000
-252.000
-252.000
-252.000
-252.000
-252.000
-260.000
-260.000
-256.000
-260.000
-256.000
-256.000
-256.000
-256.000
-256.000
-256.000
-256.000
-252.000
-252.000
-252.000
-256.000
-256.000
-252.000
-252.000
-252.000
-236.000
-236.000
-252.000
-236.000
-236.000
-252.000
-236.000
-228.000
-236.000
-236.000
-236.000
-252.000
-252.000
-252.000
-252.000
-252.000
-252.000
-248.000
-248.000
-252.000
-252.000
-252.000
-252.000
-252.000
-252.000
-252.000
-264.000
-264.000
-276.000
-276.000
-264.000
-268.000
-276.000
-276.000
-268.000
-268.000
-264.000
-264.000
-264.000
-252.000
-252.000
-252.000
-252.000
-260.000
-252.000
-252.000
-252.000
-252.000
-252.000
-252.000
-252.000
-248.000
-244.000
-244.000
-244.000
-244.000
-244.000
-244.000
-244.000
-248.000
-252.000
-248.000
-248.000
-248.000
-244.000
-244.000
-248.000
-248.000
-244.000
-244.000
-248.000
-248.000
-248.000
-252.000
-252.000
-252.000
-252.000
-256.000
-252.000
-252.000
-252.000
-252.000
-252.000
-252.000
-252.000
-244.000
-244.000
-244.000
-252.000
-252.000
-252.000
-252.000
-244.000
-252.000
-252.000
-252.000
-240.000
-240.000
-240.000
-240.000
-240.000
-240.000
-240.000
-240.000
-248.000
-248.000
-240.000
-240.000
-240.000
-248.000
-252.000
-252.000
-248.000
-240.000
-248.000
-252.000
-252.000
-256.000
-260.000
-260.000
-260.000
-260.000
-264.000
-260.000
-260.000
-260.000
-260.000
-260.000
-260.000
-260.000
-260.000
-260.000
-260.000
-256.000
-232.000
-232.000
-232.000
-232.000
-232.000
-232.000
-220.000
-208.000
-208.000
-208.000
-208.000
-220.000
-220.000
-208.000
-220.000
-228.000
-232.000
-232.000
-232.000
-232.000
-232.000
-244.000
-244.000
-232.000
-232.000
-244.000
-232.000
-232.000
-244.000
-252.000
-244.000
-252.000
-252.000
-252.000
-296.000
-296.000
-252.000
-252.000
-296.000
-252.000
-248.000
-248.000
-248.000
-248.000
-248.000
-232.000
-232.000
-232.000
-232.000
-248.000
-232.000
-248.000
-248.000
-248.000
-248.000
-248.000
-248.000
-248.000
-248.000
-240.000
-240.000
-240.000
-240.000
-240.000
-248.000
-248.000
-248.000
-248.000
-248.000
-248.000
-260.000
-260.000
-260.000
-260.000
-260.000
-260.000
-260.000
-260.000
-248.000
-248.000
-248.000
-248.000
-248.000
-248.000
-248.000
-248.000
-248.000
-248.000
-248.000
-248.000
-246.000
-244.000
-246.000
-244.000
-240.000
-236.000
-232.000
-228.000
-206.000
-228.000
