132
176
28
176
48
304
12
184
624
348
84
312
176
124
228
120
208
124
224
212
232
192
176
172
228
184
228
176
224
92
164
160
280
164
144
208
276
216
124
176
160
168
172
180
164
200
252
272
236
200
64
40
276
368
48
184
-144
-792
160
184
128
240
228
264
328
120
168
232
244
-56
280
284
92
180
-176
516
-376
-68
-8
336
32
24
-136
104
88
32
-32
-64
-36
132
92
-124
0
80
-108
-460
-264
-296
-64
180
76
288
-752
-648
-292
-228
-172
-916
204
-184
-4
-112
-752
-796
-564
-380
-184
-144
-408
-712
-340
-272
-448
-436
-780
-856
-580
-596
-328
-288
-592
-676
-932
-1012
-1072
-876
-768
-980
-1256
-1332
-1192
-592
-1120
-828
-1100
-1060
-1384
-1288
-1252
-1024
-1064
-1092
-1268
-564
-1036
-868
-652
-272
-652
-1000
-1000
-572
-468
-768
-576
-608
-564
-532
-288
-524
-564
-684
-460
-324
-372
-416
-656
-232
-184
236
-168
-84
-212
-16
-324
-480
-420
-304
-856
-780
-856
-708
-244
896
-1648
-1788
-1408
-640
-180
-520
-1104
-1180
-1260
-624
-364
-336
-240
0
300
252
-32
-284
76
40
328
-192
-156
32
88
296
344
604
480
-8
-104
-356
160
92
308
172
272
128
-192
-412
156
412
272
372
256
392
668
840
708
352
508
452
1040
860
280
412
180
324
308
-52
684
256
-192
68
504
472
348
204
372
-100
628
436
744
1064
496
236
592
884
436
496
700
412
852
776
-88
368
884
552
520
416
428
560
728
400
388
324
672
536
248
360
444
656
1016
656
48
772
948
1216
668
720
1664
1200
1644
1020
1060
92
932
1456
1368
1256
1412
1468
1040
284
1204
1636
2568
1080
1624
1160
1172
1504
1584
928
-40
60
768
980
1256
860
1208
1120
404
668
900
724
624
660
708
12
-40
864
792
-160
720
964
796
396
392
356
224
516
596
844
428
408
384
128
856
620
236
364
340
588
548
796
792
864
840
752
616
840
912
456
260
216
356
732
528
224
208
596
608
580
532
688
556
756
620
528
264
288
432
548
832
760
520
664
460
788
712
912
712
680
644
812
840
336
364
504
908
1096
1092
696
964
1312
1500
1344
1544
800
1012
1672
1368
1648
1672
1936
1520
1652
1456
1768
1376
1088
1204
1156
1148
932
1052
948
1176
948
988
880
1280
1000
840
1092
896
864
1176
1452
1236
1312
1236
1084
908
684
780
900
892
824
660
1124
856
748
504
328
416
816
1348
380
344
572
696
776
624
868
800
636
792
964
768
568
592
904
904
392
288
668
1012
1300
1228
1080
956
1372
1760
1516
1144
1020
1392
2164
2128
1880
1232
1184
1536
1800
1296
1052
1080
1536
1908
1580
1264
1588
1864
1544
1588
1296
1228
1360
1300
1188
752
708
304
324
132
176
800
528
448
228
244
156
188
444
592
220
-100
148
20
244
360
4
252
440
464
436
668
704
340
528
284
312
272
952
720
332
340
528
644
880
704
580
204
672
1296
780
708
604
668
556
808
604
212
480
644
888
636
320
452
920
964
1136
1148
760
872
1052
1276
1288
1524
1152
1560
1616
2280
2380
2388
2104
2600
2644
2648
2792
3168
3108
3148
3316
3352
3776
4316
4300
4264
4080
4056
4268
4760
4860
4732
4800
5188
5364
5596
6016
6236
6140
6324
6404
6660
6900
7188
7264
7292
7056
7180
7556
7792
7808
7856
7820
7856
8084
8676
8420
8300
8740
8872
8724
8832
9076
9192
9144
9148
9348
9680
9916
9972
9928
10192
10184
10388
10624
11144
11012
11156
11172
11156
11120
11272
11368
11448
11420
11448
11436
11540
11616
11964
11832
11976
12080
12252
12188
12324
12452
12464
12620
12600
12620
12708
12696
12684
13064
12308
12428
12888
12944
12984
12824
13000
13144
13204
13676
13744
13456
13208
13488
13724
13548
13420
13536
13376
13424
13700
13972
13780
13836
13916
13836
14072
13876
13860
13924
14204
14072
14152
14080
14184
13936
14400
14280
14480
14244
14184
14256
14128
14056
14112
13988
14072
13796
13680
13752
13800
13760
13696
13288
13576
13916
13392
13648
13236
13220
13212
13312
13488
13064
12884
12732
12488
12380
12280
11992
11856
11932
11724
11424
11444
11328
11396
11132
11024
10660
10524
10136
10236
10028
9876
9640
9128
8804
8772
9332
8464
8056
7768
7500
7644
8120
7244
7108
6740
6348
6404
6692
5864
5396
4664
4596
4408
4300
4044
3608
3000
2640
2404
2532
2408
2072
1612
1108
808
628
264
92
-264
-648
-532
-1084
-1124
-1440
-1568
-2152
-2544
-2552
-2380
-2624
-3028
-3384
-3292
-3556
-3668
-3756
-3960
-4008
-4156
-4312
-4520
-4772
-4332
-4344
-4620
-4400
-4708
-4896
-5340
-5192
-5344
-5472
-5388
-5468
-5512
-5664
-5736
-5788
-6184
-6152
-6044
-6108
-6216
-6260
-6496
-6584
-6580
-6588
-6576
-6396
-6476
-6788
-6868
-6768
-6828
-6792
-6856
-6684
-6572
-6344
-6000
-5928
-5964
-6068
-6060
-5812
-5688
-5500
-5472
-5456
-5496
-5492
-5256
-4688
-4656
-5000
-4652
-4140
-3484
-3436
-3808
-3468
-3180
-2704
-2412
-2552
-2636
-2100
-1944
-1564
-1804
-1152
-1012
-656
172
312
40
-364
192
492
416
344
296
308
880
1528
1432
1796
2052
2052
2408
2980
2792
3280
3172
3708
3608
3960
4076
3904
4344
4372
5000
4952
5704
5656
5060
5740
5448
5552
5720
6216
5696
6052
6220
6800
7068
6692
7128
7376
7516
7808
7520
7236
7692
8168
8548
8388
8180
7856
8016
8356
8712
8948
8616
8712
8892
9128
9272
9300
9272
9428
9332
9288
9416
9336
9516
9680
9504
9544
9712
9788
9736
9808
9760
9812
10036
9792
9712
9936
9984
9916
9896
10052
9808
9744
9468
9248
9444
9420
8928
8840
8988
9136
8944
8952
8928
8492
8216
7904
8412
8124
7652
7784
7116
6800
6708
6524
6196
5940
5704
5260
4684
4672
4800
4424
4224
3560
3284
3496
3384
3116
3192
2660
2584
2216
2220
1896
2384
1480
1876
1800
1624
1164
1128
540
1004
868
272
124
144
-24
48
-492
-808
-716
-592
-432
-692
-860
-1112
-1116
-936
-1236
-1700
-1516
-1508
-1704
-1872
-1892
-2056
-2112
-2112
-2488
-2524
-2352
-2432
-1964
-2176
-2012
-1932
-2124
-1920
-1736
-1208
-1176
-2552
-2420
-116
724
360
-536
-688
192
-2344
-644
-2104
-824
-2052
-2308
-252
-72
-2508
-692
-264
-368
-684
-588
-564
-528
-224
-368
-644
-656
-504
-3024
-1672
444
-400
-1048
1852
352
-56
224
392
-8
316
532
240
-148
-872
232
632
448
876
20
292
1236
-148
424
-880
516
352
152
1000
-896
1104
608
-1200
680
0
364
-136
96
404
-544
-788
-100
-404
200
-144
64
-32
44
-32
400
460
116
-36
-376
-24
-36
396
-156
-328
320
68
888
28
276
788
84
-144
-540
560
-144
556
-84
648
-152
216
40
104
112
-360
316
-184
636
664
224
-168
-184
-24
-972
652
-1460
2068
112
-1032
928
120
416
120
708
564
488
-960
-48
-148
764
576
-84
84
-12
268
208
304
528
-48
428
-244
140
528
516
76
-24
976
-2652
1092
-348
632
-592
-372
-420
532
-224
504
72
544
-104
168
316
-776
416
-708
620
-2028
-1448
-1408
-2296
-1500
648
84
1456
1380
5936
-728
2668
-1184
600
-232
1824
-1032
-1252
-892
-1012
-44
-340
396
2836
1980
872
36
644
440
236
876
168
304
272
-20
532
316
432
-140
140
-116
268
168
148
100
620
496
216
36
-356
384
64
184
28
100
376
-408
1268
1700
1116
-120
420
616
708
-264
-228
-220
40
208
232
140
-464
-108
164
-260
-112
768
516
168
76
268
664
-248
24
-328
624
-184
200
244
176
716
-172
256
240
92
232
56
164
180
112
128
496
136
72
124
188
156
212
192
152
216
264
248
80
100
220
232
-12
348
-4
156
140
140
264
192
260
168
144
184
-256
80
148
208
76
156
144
244
4
-40
20
84
108
172
160
100
212
156
240
180
32
4
148
188
36
164
212
144
144
200
216
188
184
232
216
204
220
184
180
168
192
196
164
164
216
152
172
124
184
180
176
188
172
180
188
180
152
200
180
204
208
132
140
140
208
192
132
184
200
128
220
164
220
172
196
100
224
180
196
192
204
144
156
144
164
216
184
184
172
164
200
144
160
172
176
216
176
176
84
256
220
184
160
204
192
180
172
