-300
708
388
252
284
156
196
-196
156
-52
116
228
84
196
104
204
208
148
220
172
148
172
156
176
132
200
196
180
208
236
200
244
188
124
296
196
256
200
0
192
316
340
352
192
388
80
148
368
92
148
144
268
248
64
128
-12
124
164
144
176
224
268
108
-188
248
-232
316
424
248
-552
36
384
328
332
-252
-40
140
488
160
364
4
-152
180
280
552
700
232
-36
388
572
280
340
520
672
608
488
436
124
112
360
176
-20
72
20
40
124
68
-32
-40
-68
-4
184
56
-208
-76
20
180
56
-124
84
-168
-112
-196
-208
-328
-256
-256
-80
-508
-348
-336
-332
-700
-284
-596
-404
-768
-708
-712
-828
-984
-648
-744
-748
-932
-1028
-800
-744
-836
-1180
-1108
-1208
-1200
-1184
-1340
-1504
-1476
-1452
-1308
-1788
-1788
-1692
-1752
-1740
-1724
-1848
-2104
-2204
-2280
-2368
-2304
-2412
-2408
-2576
-2832
-2764
-2656
-2864
-2928
-2752
-2696
-2832
-2988
-3136
-3612
-3480
-3660
-3656
-3688
-3784
-3796
-3888
-4056
-4344
-4384
-4060
-4348
-4408
-4432
-4532
-4232
-3860
-3884
-4352
-4460
-4840
-4652
-4316
-4428
-4940
-4956
-5324
-5048
-5000
-5640
-5276
-4416
-4192
-3896
-3696
-3040
-3132
-4928
-4072
-2536
-32768
-12292
-5972
-5876
-6128
-5912
-5056
-4672
-5448
-5536
-5312
-4852
-5616
-6664
-6276
-3636
-3992
-4676
-5216
-5964
-5904
-5768
-5536
-5160
-5008
-5148
-5760
-6028
-6104
-6012
-5444
-6124
-6552
-6004
-5952
-6124
-6184
-5928
-5832
-5952
-6412
-6220
-6076
-6220
-5848
-6120
-6816
-6900
-6280
-6120
-6468
-6360
-5920
-5680
-5944
-6240
-6492
-6376
-5808
-5952
-6356
-6584
-6504
-6496
-5416
-6012
-6552
-6536
-6252
-5912
-5956
-6644
-7512
-7900
-7428
-5328
-4528
-4372
-4912
-5436
-7180
-5096
-3856
-4164
-6488
-5608
-5280
-3780
-4692
-5684
-3860
-4340
-4612
-3792
-4372
-3940
-4912
-4968
-2948
-4836
-4824
-4444
-4880
-5064
-3928
-3820
-3804
-4136
-3568
-2488
-3176
-3232
-3924
-4172
-1040
7360
-2332
-2228
-2664
-1996
-1836
-1960
-2504
-2264
-1928
-1932
-2116
-1852
-1932
-1400
-1496
-1480
-1496
-1368
-1548
-1536
-1288
-1040
-1156
-856
-664
-444
-472
-364
-188
84
52
360
284
200
288
444
488
608
692
592
552
1168
1512
1656
1932
1776
1988
2184
2288
2288
2132
2248
2416
2660
2852
2452
2300
2464
3132
3332
3512
3456
3348
3472
3196
3036
3624
3940
4052
4392
4280
4708
4432
4668
4832
4396
4200
4520
4920
4788
4924
5296
5084
5124
5088
5412
5616
5716
5744
5500
6572
6048
6324
5724
5860
6024
6388
6216
6168
6448
6408
6516
6632
6580
6676
6504
6580
6844
6892
6636
6664
6772
6660
6996
7216
6504
6784
6808
7084
6916
7144
7124
7172
7256
7428
7784
7852
7788
7732
7716
7456
7464
7408
7420
7512
7504
7400
7456
7224
6988
7168
7180
7400
7656
7252
6984
7180
6892
6768
6784
6672
6736
6412
6268
6280
6156
6072
6100
5924
5744
5684
5836
5148
5292
5132
4912
4640
4544
4440
4444
4272
4196
3752
3744
3632
3488
3192
3300
2992
3004
2672
2364
2160
2064
1972
2012
1608
1624
1668
1756
1460
1412
1076
1220
792
744
1000
496
500
284
220
120
120
-48
-472
-76
-180
-452
-928
-720
-908
-704
-856
-1000
-1140
-1296
-1532
-1876
-1932
-2140
-2280
-2304
-2684
-2692
-2608
-2960
-2968
-2996
-3120
-3276
-3592
-3800
-3708
-3828
-4032
-4212
-4280
-4428
-4388
-4652
-4728
-4644
-4564
-4656
-4632
-4340
-4244
-4372
-4520
-4524
-4624
-4872
-5140
-5344
-5172
-4912
-4844
-4944
-5048
-5016
-4616
-4388
-4856
-4756
-4616
-4456
-4532
-4720
-4808
-4500
-4396
-4140
-4288
-4268
-3880
-3960
-4424
-4480
-3916
-3652
-4076
-3820
-3780
-3864
-3256
-3056
-3636
-3892
-3760
-3248
-3048
-3460
-3880
-3608
-3380
-3068
-3064
-2892
-3168
-3320
-3308
-3352
-3004
-2800
-2864
-3324
-3200
-2864
-2792
-2420
-2932
-2888
-2632
-2544
-2724
-2504
-2664
-2408
-2476
-2492
-2640
-2584
-2492
-2348
-2340
-2436
-2560
-2376
-2040
-2048
-2172
-2100
-2112
-2272
-2044
-1952
-1948
-2044
-1876
-1740
-1752
-1748
-2060
-2088
-1632
-1756
-1760
-1436
-1460
-1444
-1220
-1300
-1364
-1504
-1340
-1272
-1052
-780
-1036
-1008
-956
-752
-452
-360
-760
-552
-212
-72
-44
-168
236
-60
64
136
240
572
-36
-120
76
272
280
416
124
248
496
456
340
360
280
364
380
552
452
484
804
920
808
448
716
640
804
712
524
828
1104
912
976
1224
1176
1396
1448
1448
1564
1424
1548
1424
1376
1636
1576
1484
1480
1368
1016
1208
1440
1224
1228
1132
1144
1380
1592
1372
1464
1652
1796
1616
1652
1840
1916
1936
2028
1804
2176
2320
2464
2328
2316
2296
2096
2088
2144
2148
1972
2228
1936
2220
2100
1948
2004
1992
1996
2072
2196
2192
1784
1820
2012
2076
1784
1772
1884
1840
2028
1848
1712
1804
1848
1888
1928
2104
2168
1968
1788
2164
2288
2316
1996
1876
1856
2224
2148
2140
1848
1648
2156
2308
1940
2184
1740
1508
1832
2212
2172
1924
1756
1920
1948
2088
2156
1992
1604
1672
2180
2164
1744
6780
2940
816
1484
1844
1648
1196
1112
588
804
652
1492
-12
24
508
464
648
1648
1348
-1236
1440
644
448
192
-496
256
-528
1904
-800
-1676
-620
2684
2164
-1612
-3524
676
-832
-1784
156
1480
1344
-668
2900
88
780
-136
80
-1204
-576
2380
-1444
-2172
-476
-64
1996
0
2672
1488
-764
-536
-448
-104
-388
136
892
1252
-272
1392
-360
-2432
-296
1628
2552
1452
-1248
-1568
1968
288
0
764
-2440
-388
-416
2832
-4020
-1260
420
688
-668
1924
2732
1860
84
-1288
2320
3544
-792
572
1252
1544
1460
4560
-2540
1824
2548
-2988
1708
2760
-4124
-9128
-3256
-4188
1792
-268
2884
1072
-2344
892
744
1812
-1552
136
1896
856
448
2292
4348
5540
-956
2292
1740
432
272
-880
144
-1540
-1412
3216
2760
3452
-1084
212
-3140
376
3848
-112
-2352
-284
-4148
-1784
328
1356
1156
1932
884
1748
-1312
300
772
-2432
-1596
-1160
-3028
2760
2304
-916
572
80
3184
468
948
-400
740
-1260
172
-224
712
-52
-408
64
-180
720
968
-128
-40
1156
1100
452
-120
-472
-316
520
348
-16
408
232
16
24
-4
708
336
288
-432
-56
-12
308
276
336
52
400
168
244
108
316
240
236
300
128
104
452
168
192
0
104
272
-56
-56
28
204
292
128
300
300
308
200
140
112
260
236
292
264
220
-68
-288
76
316
292
136
288
268
360
100
256
236
288
216
152
-152
216
152
280
136
36
124
92
36
240
-204
40
304
-460
44
288
96
320
132
-196
-280
272
424
428
248
284
264
64
180
328
92
84
360
20
208
24
24
236
-104
152
276
332
-16
96
300
440
52
220
280
232
-268
396
-32
352
128
60
12
184
240
136
140
72
80
296
20
156
104
156
228
128
80
72
132
188
48
32
20
216
-112
120
360
28
264
700
248
44
4
196
184
204
172
260
400
260
144
188
148
208
172
160
236
196
108
200
96
112
252
252
36
196
204
216
152
148
144
244
200
172
196
200
188
192
200
132
212
208
152
132
224
168
136
108
184
148
180
144
192
144
224
132
160
164
196
200
208
244
188
132
132
220
184
144
136
184
132
204
208
124
168
212
164
188
144
196
188
256
104
160
196
184
192
148
76
164
120
140
220
236
180
196
184
208
192
164
176
144
144
204
140
176
192
124
208
168
204
144
252
128
156
216
184
120
184
208
224
248
152
160
204
160
200
176
164
232
180
176
200
180
244
88
188
216
176
180
228
176
160
160
152
196
160
152
124
228
244
176
176
188
208
180
120
204
168
116
168
200
124
112
256
164
136
160
180
232
192
200
192
184
212
156
176
176
236
188
160
156
184
184
180
224
148
196
240
224
216
200
200
196
248
184
200
188
148
208
212
176
112
204
156
144
164
200
184
164
168
152
212
188
92
176
180
204
152
164
172
184
152
176
128
176
108
136
184
168
176
140
84
168
160
200
200
200
188
180
148
176
156
196
164
160
212
204
260
208
160
192
136
252
208
156
172
188
200
204
160
180
164
192
204
176
180
148
124
136
108
192
232
244
104
132
208
168
176
184
160
168
208
152
136
160
144
180
140
212
152
224
184
212
176
192
100
224
216
160
228
140
156
