17612
16292
16796
16524
16368
16796
16484
16568
16524
16752
16596
16748
16608
16624
16596
16536
16672
16560
16628
16636
16608
16612
16588
16636
16556
16576
16632
16596
16604
16564
16624
16668
16612
16616
16664
16576
16564
16584
16648
16540
16532
16652
16516
16648
16640
16592
16536
16516
16612
16576
16724
16556
16680
16672
16448
16660
16464
15540
16660
16708
16684
16476
16544
16804
16404
16552
16692
16528
16904
17532
17276
16664
16388
16604
17260
17188
16868
16292
16356
16000
17532
17016
16444
16660
16600
16832
17148
16980
16840
16396
16708
16740
16668
16944
17024
16840
16848
16636
16460
16368
15984
16112
16844
16592
16040
16080
16304
16324
16968
16280
16000
16088
16548
15660
16028
16328
16228
15808
16356
16028
15820
15908
15732
15720
15572
15560
15600
15356
15868
15584
15580
15860
15472
15800
15704
15944
15756
16060
16088
15992
15920
16608
15520
15812
15420
15304
15480
15340
15296
15176
15472
15760
15296
15736
15764
16072
16012
15932
15456
15528
15756
15644
15804
15912
15632
15736
15692
15700
15692
15800
15908
15972
15988
15824
15812
15532
15676
15816
15408
15460
15220
15416
15452
15540
15668
15968
15832
16124
15964
16196
16136
15948
15992
16356
14904
16004
15840
15776
16264
15732
15960
16332
16256
15896
15928
16044
15696
15904
15772
15724
15996
15940
16168
16028
16012
15768
15856
15892
15360
15364
15472
15672
15688
16112
16040
16020
15812
15700
15960
15644
15772
15744
15920
16316
16408
16492
16148
16336
16236
16216
16484
16416
16636
16500
16544
16732
16428
16512
16288
15920
16460
16128
16136
16148
16340
16468
16424
16500
15976
15848
16136
16292
16336
16604
16216
16144
16220
15908
16280
16360
16180
16300
16272
16340
16216
15884
16012
15992
16272
16316
16316
16304
16436
16116
16072
16036
16164
16408
16624
16524
16408
16336
16312
16432
16460
16400
16488
16160
16496
16064
16572
16644
16456
16588
16848
16284
16976
16744
16032
16148
16480
16392
16732
15816
15864
15820
15740
16224
17124
16808
16340
15612
16604
17580
17344
16892
15752
15660
16036
15988
16224
15896
16112
16092
16080
16164
15664
16460
16416
16204
16416
15492
16036
16232
15840
16352
16524
16488
16904
16120
16240
16312
16448
16640
16380
16100
15936
16184
16596
16548
16548
16116
15972
16032
16528
16808
16500
16204
16132
16400
16452
16348
16100
16000
16076
16312
15888
16096
15952
16164
16260
16664
16348
16284
16312
16548
16396
16384
16176
15848
16096
15980
16624
16492
16496
16320
16136
15920
16108
16208
16580
16308
15944
15656
15872
16180
16496
16336
16036
16128
15864
16340
16304
16156
15944
15772
15768
16300
16532
16332
16444
16400
16484
16060
15992
16140
16124
16224
16316
16112
16544
16216
16500
16408
16460
16476
16424
16472
16316
16256
15932
15788
15852
16052
16284
15964
15748
16184
16660
16792
16636
16384
16316
16288
16396
16276
16184
16304
16524
16584
16692
16532
16564
16680
16804
16904
16840
16628
16908
17060
16944
16856
16848
16808
16664
16808
16404
16380
16568
16408
16752
16552
16824
17312
16844
16768
16604
16604
16760
16552
16692
17052
17132
17156
17280
17632
17804
17848
17628
17632
17436
17400
17472
17800
17580
17556
17296
17128
17320
17652
17268
16976
16224
16376
16568
16752
16460
16380
15748
15092
15200
15792
15860
15856
15428
15276
14908
15416
15976
16560
16252
15680
15088
15284
15972
15876
15460
14984
14804
15212
15652
15448
15316
15700
15832
16000
15924
15616
15688
16072
16100
15624
15476
15832
16188
16080
16008
15740
15240
16004
16668
16264
15900
15452
15984
16036
16040
15468
15468
15988
16560
16044
15436
15416
16268
16268
16436
15744
15640
15908
16540
16184
16100
15824
15748
16132
16236
16200
15556
16020
16244
15836
16300
15944
16348
15948
16324
15880
15840
15624
15920
15772
15904
15688
15432
15264
15400
15296
15488
15240
14880
14756
14828
14656
14780
14724
14640
14440
14212
14048
14036
14100
14240
13956
13732
14068
13964
13292
13212
12832
12580
12712
12384
11996
11304
11176
11028
11244
10864
10924
10964
10696
10484
10688
10616
10440
10236
10000
10060
9796
9656
9440
9356
9264
8968
9012
8984
8776
8480
8376
8820
8720
8708
8728
8240
7968
7748
7644
7556
7596
7280
7260
7188
6892
6928
6840
6852
6900
6628
6500
6608
6464
6532
6264
6560
6600
6468
6480
6712
6728
6668
6524
6928
7088
6568
6208
6696
6756
6668
6748
6924
6832
6472
6640
6752
6844
6760
6856
7092
7176
7512
7364
7380
7880
7724
7692
7548
7776
8176
8496
8268
8380
8348
8632
8916
8632
8844
8784
8820
9180
9108
8876
8748
8876
9264
9136
9136
9356
9220
9224
9620
9608
9580
9748
9700
9768
9952
10108
10272
10260
10348
10160
10008
9920
10000
10108
10184
10084
10148
10168
10008
10284
10176
10332
10380
10832
10860
10780
10852
11156
10900
11092
11160
11304
11320
11584
11404
11828
11956
12072
11980
12124
12156
12460
12696
12596
12568
12216
12844
12796
12972
13076
12972
13088
13312
13644
13848
14076
13944
13588
13544
13644
13904
14532
14208
14128
13888
13796
13764
14352
14512
14268
13996
14188
13908
14284
15008
14960
14728
14776
14840
14700
14576
14952
14992
15236
15792
14928
14608
14928
14844
14600
14780
15164
15240
15152
15212
14904
14764
14732
15056
14764
15144
15164
14928
14640
14792
15080
15392
15192
15220
15092
15160
14948
15240
15264
14932
14780
14744
14720
14740
14664
14540
14540
14992
14920
14616
14404
14452
14572
14388
14668
14772
14808
14284
14284
14660
14736
14348
14248
14208
14252
14672
14596
14692
14448
14652
14668
14976
15212
15104
15348
15160
15244
15300
15100
15428
15088
15044
14936
15164
15020
15332
15336
15480
15616
15544
15152
15184
15532
15412
15588
15244
14928
15200
15204
15372
15136
14576
14292
14780
14704
15000
14768
14556
14400
14744
14656
14384
14556
14648
14696
14276
13816
14020
14104
14180
14252
13824
13644
14092
14064
13300
13464
14572
14004
13044
13916
13616
13436
13604
13648
14200
13780
13252
13096
13364
13512
13296
13156
12792
12696
12812
12840
13300
12920
12696
12708
12228
12900
12876
12692
12520
12488
12484
12144
12200
12080
11792
11788
11708
11512
11576
11376
11200
10936
11196
11152
10968
10872
10800
10624
10728
10828
11088
10776
10652
10680
10680
10808
11140
11228
10848
10824
10676
10724
11376
11616
11200
10804
10560
10740
10964
12208
11520
11456
11552
12236
12264
12348
12420
12452
12032
12132
12220
12684
12880
13144
13308
12872
12612
14024
14096
13908
14056
13600
13412
13924
13928
14036
14112
14292
14368
14576
14972
15092
15076
14772
14992
14740
14972
14936
15432
16148
15752
15392
15308
15140
15420
15596
15600
15416
15256
15444
15336
15672
15576
15596
15372
15332
15040
15096
15360
15328
15540
15660
15700
15416
15408
15320
15304
15592
15572
15288
15316
15504
15744
16028
16188
16352
15736
15780
15612
15736
17096
19692
16832
14016
15492
16136
17444
14796
16904
16212
16348
15704
17020
16836
15720
16760
17120
15904
16104
16376
16924
16492
16336
16776
16816
16052
16084
15852
16056
25176
18356
16920
16328
16200
16412
17400
16028
16588
17536
16356
16464
17124
16404
17044
16620
16744
16324
15244
16112
17500
15988
15912
16568
16708
16224
16436
16180
15812
18028
17040
16400
17088
17196
16532
16796
16944
15852
16880
16160
16588
17664
15672
16404
18024
16948
17012
16004
16284
16260
15748
17044
15480
16292
17236
16748
16532
15872
16744
16852
17052
16500
17292
17020
15800
16816
16588
17136
16392
16208
16692
16344
16680
16836
16080
17236
16572
16472
16392
17216
16680
16388
16228
17512
16752
16360
16700
16312
15856
15468
14484
16604
17620
16092
16804
16740
17696
18804
15676
16528
16600
15056
17248
16192
16656
16716
16856
16492
16636
17008
16444
16380
16944
16424
16828
16356
16664
16628
16612
16372
16592
18400
17164
16616
15500
17304
16508
16848
14532
17728
17580
17184
15624
17264
16264
16728
17664
15392
16768
17364
16068
15580
15944
14976
10608
14136
21860
16700
15076
18200
18372
19428
16848
13656
17004
16364
19288
14612
16192
17168
16764
17060
15464
14924
19324
14936
15920
16952
17244
16408
17096
16080
16536
16820
16356
16648
16160
16736
16620
16532
16544
16712
16492
16664
16548
16592
16696
17016
16612
16576
17328
16528
16356
16672
16720
16540
16508
16764
17720
17368
17032
16088
16820
16696
16676
16076
16544
16424
16740
16588
16440
16652
16880
16604
16480
16212
16476
16932
16408
16752
16868
16852
16552
16360
16832
16564
16672
16604
16764
16492
16928
16288
16636
16548
16664
16468
16620
16564
16568
16556
16560
16656
16520
16736
16580
16560
16552
16520
16640
16496
16628
16688
16568
16604
16604
16516
16716
16600
16576
16608
16568
16600
16616
16552
16624
16560
16656
16712
16568
16640
16488
16624
16508
16604
16608
16556
16664
16320
16676
16580
16596
16404
16584
16892
16496
16568
16656
16500
16560
16404
16532
16652
16660
16508
16608
16636
16520
16588
16404
16524
16544
16612
16508
16384
16588
16568
16880
16552
16616
16892
16608
16596
16528
16564
16600
16600
16656
16612
16620
16580
16672
16564
16540
16576
16596
16620
16640
16584
16584
16564
16520
16592
16572
16632
16504
16580
16604
16600
16552
16520
16680
16584
16628
16644
16648
16576
16580
16628
16584
16584
16628
16564
16584
16644
16592
16584
16608
16636
16628
16600
16560
16588
16608
16608
16588
16584
16584
16644
16580
16620
16608
16624
16644
16576
16588
16596
16568
