-4796.000
-4782.000
-4768.000
-4760.000
-4752.000
-4710.000
-4752.000
-4710.000
-4668.000
-4636.000
-4604.000
-4578.000
-4552.000
-4504.000
-4504.000
-4552.000
-4552.000
-4552.000
-4552.000
-4496.000
-4464.000
-4452.000
-4464.000
-4452.000
-4428.000
-4424.000
-4424.000
-4424.000
-4424.000
-4412.000
-4408.000
-4392.000
-4372.000
-4372.000
-4392.000
-4392.000
-4396.000
-4396.000
-4392.000
-4372.000
-4368.000
-4368.000
-4368.000
-4348.000
-4336.000
-4328.000
-4304.000
-4284.000
-4268.000
-4252.000
-4168.000
-4160.000
-4112.000
-4080.000
-4068.000
-4032.000
-4020.000
-4020.000
-4020.000
-4000.000
-3984.000
-3968.000
-3968.000
-3968.000
-3968.000
-3940.000
-3936.000
-3888.000
-3872.000
-3864.000
-3864.000
-3784.000
-3728.000
-3692.000
-3636.000
-3628.000
-3620.000
-3612.000
-3588.000
-3572.000
-3572.000
-3532.000
-3508.000
-3468.000
-3428.000
-3408.000
-3396.000
-3380.000
-3352.000
-3336.000
-3312.000
-3288.000
-3288.000
-3284.000
-3208.000
-3128.000
-3100.000
-3020.000
-2996.000
-2968.000
-2936.000
-2932.000
-2932.000
-2916.000
-2912.000
-2892.000
-2820.000
-2820.000
-2820.000
-2812.000
-2736.000
-2732.000
-2720.000
-2676.000
-2660.000
-2660.000
-2656.000
-2652.000
-2608.000
-2584.000
-2584.000
-2496.000
-2484.000
-2464.000
-2408.000
-2404.000
-2344.000
-2340.000
-2340.000
-2320.000
-2296.000
-2296.000
-2252.000
-2204.000
-2176.000
-2160.000
-2160.000
-2152.000
-2136.000
-2124.000
-2120.000
-2112.000
-2084.000
-2056.000
-2000.000
-1956.000
-1952.000
-1852.000
-1844.000
-1816.000
-1760.000
-1744.000
-1712.000
-1688.000
-1676.000
-1632.000
-1628.000
-1568.000
-1540.000
-1516.000
-1376.000
-1368.000
-1352.000
-1272.000
-1272.000
-1252.000
-1240.000
-1228.000
-1228.000
-1208.000
-1192.000
-1128.000
-1120.000
-1112.000
-1108.000
-1092.000
-1016.000
-1012.000
-1008.000
-984.000
-884.000
-884.000
-832.000
-808.000
-800.000
-800.000
-800.000
-788.000
-776.000
-716.000
-700.000
-696.000
-692.000
-672.000
-672.000
-640.000
-564.000
-532.000
-480.000
-476.000
-456.000
-308.000
-296.000
-284.000
-280.000
-268.000
-220.000
-220.000
-212.000
-208.000
-196.000
-144.000
-92.000
-64.000
-56.000
-40.000
28.000
40.000
52.000
108.000
180.000
228.000
240.000
240.000
244.000
256.000
384.000
440.000
456.000
476.000
484.000
484.000
520.000
560.000
560.000
584.000
592.000
604.000
604.000
692.000
780.000
780.000
780.000
816.000
832.000
848.000
904.000
912.000
924.000
952.000
1008.000
1068.000
1100.000
1120.000
1192.000
1196.000
1232.000
1284.000
1300.000
1300.000
1304.000
1312.000
1320.000
1328.000
1328.000
1336.000
1340.000
1408.000
1432.000
1440.000
1496.000
1592.000
1600.000
1624.000
1688.000
1752.000
1820.000
1828.000
1856.000
1968.000
1980.000
1984.000
2032.000
2036.000
2048.000
2048.000
2056.000
2068.000
2132.000
2136.000
2200.000
2216.000
2248.000
2280.000
2288.000
2320.000
2332.000
2436.000
2440.000
2440.000
2456.000
2460.000
2616.000
2636.000
2640.000
2704.000
2724.000
2728.000
2728.000
2732.000
2776.000
2784.000
2796.000
2804.000
2852.000
2852.000
2884.000
2904.000
2912.000
2920.000
2952.000
3072.000
3112.000
3132.000
3136.000
3140.000
3172.000
3204.000
3208.000
3260.000
3276.000
3340.000
3360.000
3396.000
3424.000
3452.000
3524.000
3544.000
3572.000
3584.000
3596.000
3632.000
3632.000
3656.000
3660.000
3700.000
3736.000
3760.000
3788.000
3792.000
3900.000
3928.000
3948.000
3964.000
3976.000
3976.000
3984.000
3992.000
4008.000
4036.000
4060.000
4100.000
4112.000
4132.000
4156.000
4156.000
4164.000
4196.000
4200.000
4236.000
4248.000
4324.000
4352.000
4364.000
4380.000
4380.000
4380.000
4396.000
4464.000
4464.000
4480.000
4528.000
4540.000
4544.000
4652.000
4668.000
4692.000
4708.000
4736.000
4756.000
4780.000
4788.000
4812.000
4812.000
4832.000
4840.000
4880.000
4880.000
4936.000
4936.000
4952.000
5000.000
5048.000
5052.000
5092.000
5096.000
5116.000
5120.000
5124.000
5128.000
5188.000
5264.000
5280.000
5324.000
5332.000
5340.000
5384.000
5448.000
5448.000
5460.000
5484.000
5496.000
5632.000
5648.000
5648.000
5664.000
5672.000
5708.000
5788.000
5812.000
5840.000
5892.000
6084.000
6088.000
6100.000
6116.000
6116.000
6120.000
6144.000
6184.000
6292.000
6296.000
6316.000
6364.000
6400.000
6412.000
6416.000
6420.000
6420.000
6520.000
6572.000
6640.000
6644.000
6720.000
6744.000
6792.000
6800.000
6828.000
6828.000
6860.000
6880.000
6892.000
6992.000
7000.000
7008.000
7024.000
7028.000
7032.000
7056.000
7060.000
7084.000
7128.000
7140.000
7184.000
7196.000
7248.000
7264.000
7300.000
7304.000
7320.000
7336.000
7340.000
7352.000
7380.000
7396.000
7420.000
7424.000
7456.000
7464.000
7504.000
7524.000
7600.000
7612.000
7672.000
7676.000
7688.000
7736.000
7756.000
7780.000
7784.000
7792.000
7800.000
7820.000
7828.000
7900.000
7900.000
7964.000
8040.000
8096.000
8164.000
8192.000
8192.000
8220.000
8228.000
8236.000
8240.000
8248.000
8268.000
8280.000
8280.000
8348.000
8408.000
8436.000
8480.000
8492.000
8528.000
8564.000
8616.000
8628.000
8648.000
8664.000
8664.000
8676.000
8728.000
8768.000
8788.000
8792.000
8800.000
8816.000
8832.000
8856.000
8884.000
8968.000
8976.000
9004.000
9036.000
9044.000
9048.000
9112.000
9176.000
9244.000
9256.000
9268.000
9288.000
9304.000
9340.000
9356.000
9408.000
9428.000
9428.000
9436.000
9436.000
9460.000
9472.000
9472.000
9480.000
9488.000
9512.000
9548.000
9580.000
9600.000
9604.000
9640.000
9760.000
9764.000
9772.000
9804.000
9804.000
9828.000
9872.000
9908.000
9920.000
9928.000
9968.000
10012.000
10028.000
10052.000
10060.000
10080.000
10080.000
10108.000
10108.000
10128.000
10168.000
10180.000
10188.000
10192.000
10204.000
10224.000
10244.000
10320.000
10360.000
10432.000
10444.000
10460.000
10480.000
10480.000
10484.000
10496.000
10512.000
10520.000
10572.000
10624.000
10660.000
10672.000
10676.000
10680.000
10732.000
10752.000
10788.000
10796.000
10800.000
10808.000
10856.000
10868.000
10924.000
10928.000
10944.000
10948.000
10972.000
11040.000
11064.000
11068.000
11112.000
11120.000
11132.000
11172.000
11172.000
11208.000
11212.000
11260.000
11284.000
11288.000
11312.000
11332.000
11352.000
11360.000
11384.000
11396.000
11412.000
11412.000
11484.000
11492.000
11492.000
11504.000
11524.000
11528.000
11548.000
11572.000
11636.000
11664.000
11676.000
11680.000
11712.000
11748.000
11780.000
11788.000
11792.000
11824.000
11864.000
11864.000
11892.000
11916.000
11924.000
11936.000
11936.000
11964.000
11976.000
11976.000
11984.000
12028.000
12044.000
12120.000
12120.000
12128.000
12136.000
12140.000
12148.000
12180.000
12180.000
12228.000
12228.000
12236.000
12260.000
12284.000
12284.000
12336.000
12336.000
12348.000
12380.000
12380.000
12416.000
12444.000
12488.000
12524.000
12528.000
12560.000
12568.000
12568.000
12600.000
12600.000
12620.000
12636.000
12644.000
12644.000
12644.000
12688.000
12688.000
12700.000
12712.000
12712.000
12720.000
12736.000
12756.000
12756.000
12760.000
12824.000
12824.000
12824.000
12828.000
12856.000
12856.000
12920.000
12964.000
12968.000
13008.000
13008.000
13052.000
13072.000
13128.000
13128.000
13148.000
13152.000
13152.000
13160.000
13160.000
13168.000
13168.000
13192.000
13196.000
13216.000
13232.000
13260.000
13232.000
13232.000
13260.000
13260.000
13288.000
13288.000
13296.000
13340.000
13340.000
13340.000
13340.000
13348.000
13356.000
13356.000
13420.000
13440.000
13440.000
13448.000
13452.000
13508.000
13560.000
13576.000
13576.000
13576.000
13588.000
13604.000
13624.000
13624.000
13604.000
13624.000
13628.000
13644.000
13648.000
13648.000
13652.000
13664.000
13688.000
13704.000
13724.000
13724.000
13732.000
13768.000
13768.000
13796.000
13808.000
13808.000
13808.000
13808.000
13828.000
13836.000
13836.000
13836.000
13860.000
13888.000
13912.000
13924.000
13968.000
13968.000
13968.000
13968.000
13968.000
13968.000
13968.000
13972.000
13984.000
13984.000
14000.000
14060.000
14060.000
14060.000
14080.000
14080.000
14088.000
14092.000
14088.000
14088.000
14092.000
14092.000
14088.000
14088.000
14088.000
14080.000
14088.000
14088.000
14104.000
14116.000
14156.000
14156.000
14164.000
14216.000
14236.000
14236.000
14236.000
14236.000
14276.000
14284.000
14284.000
14284.000
14288.000
14292.000
14292.000
14292.000
14408.000
14408.000
14448.000
14468.000
14468.000
14476.000
14540.000
14560.000
14560.000
14560.000
14560.000
14580.000
14584.000
14604.000
14604.000
14608.000
14664.000
14664.000
14664.000
14744.000
14784.000
14784.000
14744.000
14744.000
14744.000
14784.000
14812.000
14812.000
14832.000
14872.000
14920.000
14920.000
14920.000
14920.000
14968.000
14996.000
15000.000
15000.000
15004.000
15004.000
15024.000
15024.000
15024.000
15024.000
15024.000
15024.000
15024.000
15040.000
15040.000
15040.000
15040.000
15096.000
15100.000
15108.000
15108.000
15108.000
15108.000
15124.000
15124.000
15124.000
15124.000
15124.000
15132.000
15148.000
15148.000
15144.000
15132.000
15144.000
15148.000
15164.000
15196.000
15196.000
15196.000
15196.000
15196.000
15196.000
15244.000
15244.000
15244.000
15244.000
15244.000
15244.000
15244.000
15244.000
15256.000
15272.000
15296.000
15360.000
15376.000
15376.000
15376.000
15380.000
15380.000
15376.000
15380.000
15396.000
15408.000
15408.000
15408.000
15424.000
15424.000
15472.000
15472.000
15484.000
15504.000
15508.000
15520.000
15520.000
15520.000
15532.000
15532.000
15532.000
15532.000
15532.000
15532.000
15532.000
15556.000
15556.000
15568.000
15568.000
15600.000
15620.000
15672.000
15708.000
15708.000
15712.000
15672.000
15740.000
15740.000
15760.000
15740.000
15740.000
15760.000
15792.000
15792.000
15792.000
15816.000
15816.000
15868.000
15868.000
15936.000
15868.000
15868.000
15856.000
15868.000
15856.000
15856.000
15936.000
15856.000
15936.000
15936.000
15956.000
15956.000
15936.000
15956.000
15956.000
15956.000
15956.000
15988.000
16004.000
16204.000
16004.000
16204.000
16004.000
16280.000
16120.000
16120.000
16120.000
16120.000
16048.000
16048.000
16032.000
16032.000
16032.000
16032.000
16048.000
16120.000
16152.000
16152.000
16152.000
16152.000
16120.000
16120.000
16120.000
16120.000
16120.000
16152.000
16152.000
16152.000
16120.000
16084.000
16124.000
16152.000
16152.000
16168.000
16168.000
16188.000
16188.000
16188.000
16168.000
16152.000
16152.000
16152.000
16188.000
16200.000
16200.000
16200.000
16200.000
16200.000
16200.000
16188.000
16172.000
16172.000
16188.000
16200.000
16204.000
16204.000
16204.000
16204.000
16204.000
16248.000
16248.000
16204.000
16204.000
16204.000
16204.000
16204.000
16204.000
16248.000
16248.000
16272.000
16292.000
16312.000
16312.000
16312.000
16312.000
16312.000
16260.000
16260.000
16260.000
16260.000
16292.000
16312.000
16344.000
16372.000
16344.000
16316.000
16316.000
16316.000
16316.000
16316.000
16316.000
16316.000
16316.000
16316.000
16316.000
16316.000
16292.000
16292.000
16292.000
16292.000
16316.000
16388.000
16388.000
16384.000
16316.000
16316.000
16276.000
16276.000
16276.000
16276.000
16276.000
16324.000
16324.000
16332.000
16332.000
16348.000
16348.000
16348.000
16348.000
16348.000
16348.000
16360.000
16360.000
16360.000
16372.000
16372.000
16360.000
16348.000
16360.000
16360.000
16348.000
16348.000
16344.000
16332.000
16332.000
16332.000
16344.000
16344.000
16360.000
16372.000
16360.000
16360.000
16360.000
16360.000
16344.000
16332.000
16332.000
16312.000
16312.000
16312.000
16304.000
16304.000
16304.000
16304.000
16332.000
16332.000
16336.000
16336.000
16336.000
16336.000
16336.000
16336.000
16372.000
16384.000
16336.000
16356.000
16336.000
16336.000
16336.000
16336.000
16336.000
16336.000
16336.000
16356.000
16336.000
16336.000
16332.000
16308.000
16308.000
16308.000
16308.000
16300.000
16308.000
16300.000
16300.000
16300.000
16272.000
16268.000
16244.000
16244.000
16236.000
16236.000
16228.000
16220.000
16228.000
16236.000
16244.000
16244.000
16244.000
16244.000
16236.000
16236.000
16228.000
16220.000
16200.000
16200.000
16200.000
16200.000
16192.000
16148.000
16132.000
16132.000
16132.000
16104.000
16104.000
16128.000
16128.000
16128.000
16128.000
16104.000
16104.000
16104.000
16104.000
16076.000
16076.000
16076.000
16076.000
16076.000
16076.000
16052.000
16048.000
16048.000
16048.000
16032.000
16032.000
16048.000
16048.000
16048.000
16052.000
16052.000
15996.000
15984.000
15944.000
15940.000
15940.000
15940.000
15940.000
15940.000
15944.000
15944.000
15944.000
15940.000
15940.000
15940.000
15944.000
15968.000
15944.000
15940.000
15940.000
15944.000
15944.000
15944.000
15940.000
15940.000
15968.000
15968.000
15968.000
15968.000
15968.000
15940.000
15896.000
15884.000
15880.000
15880.000
15816.000
15880.000
15880.000
15816.000
15816.000
15816.000
15816.000
15764.000
15764.000
15764.000
15740.000
15728.000
15728.000
15728.000
15716.000
15692.000
15716.000
15716.000
15728.000
15728.000
15728.000
15728.000
15740.000
15740.000
15740.000
15740.000
15728.000
15740.000
15740.000
15740.000
15736.000
15728.000
15688.000
15688.000
15688.000
15728.000
15732.000
15732.000
15704.000
15704.000
15704.000
15688.000
15688.000
15604.000
15600.000
15584.000
15516.000
15496.000
15496.000
15496.000
15496.000
15496.000
15496.000
15496.000
15496.000
15496.000
15496.000
15472.000
15448.000
15444.000
15404.000
15404.000
15324.000
15320.000
15324.000
15304.000
15284.000
15284.000
15304.000
15304.000
15344.000
15348.000
15352.000
15352.000
15352.000
15352.000
15352.000
15348.000
15344.000
15304.000
15272.000
15272.000
15272.000
15272.000
15304.000
15344.000
15304.000
15304.000
15304.000
15272.000
15272.000
15272.000
15256.000
15256.000
15256.000
15244.000
15228.000
15184.000
15184.000
15164.000
15132.000
15124.000
15132.000
15164.000
15164.000
15152.000
15132.000
15132.000
15132.000
15124.000
15120.000
15076.000
15052.000
15048.000
15052.000
15076.000
15076.000
15120.000
15076.000
15052.000
15032.000
15032.000
14980.000
14980.000
14972.000
14972.000
14980.000
14980.000
14972.000
14972.000
14916.000
14908.000
14908.000
14904.000
14888.000
14888.000
14880.000
14880.000
14856.000
14828.000
14804.000
14780.000
14776.000
14772.000
14772.000
14760.000
14760.000
14756.000
14756.000
14756.000
14756.000
14756.000
14736.000
14736.000
14736.000
14708.000
14708.000
14668.000
14668.000
14708.000
14668.000
14656.000
14656.000
14668.000
14668.000
14668.000
14668.000
14668.000
14668.000
14648.000
14648.000
14628.000
14628.000
14628.000
14628.000
14628.000
14628.000
14564.000
14584.000
14584.000
14564.000
14516.000
14516.000
14484.000
14484.000
14484.000
14436.000
14432.000
14384.000
14384.000
14384.000
14384.000
14384.000
14416.000
14416.000
14416.000
14416.000
14416.000
14400.000
14384.000
14344.000
14304.000
14262.000
14220.000
14182.000
14144.000
14182.000
14144.000
14224.000
14144.000
