284.000
284.000
284.000
280.000
276.000
280.000
284.000
284.000
284.000
280.000
276.000
274.000
276.000
272.000
272.000
268.000
268.000
268.000
268.000
268.000
268.000
272.000
268.000
268.000
268.000
268.000
268.000
272.000
268.000
268.000
264.000
264.000
260.000
264.000
268.000
268.000
268.000
268.000
268.000
276.000
280.000
280.000
280.000
280.000
280.000
284.000
280.000
288.000
288.000
296.000
296.000
288.000
288.000
296.000
296.000
296.000
304.000
304.000
296.000
292.000
292.000
292.000
288.000
288.000
288.000
288.000
288.000
288.000
288.000
288.000
288.000
288.000
280.000
288.000
280.000
288.000
288.000
280.000
268.000
268.000
268.000
268.000
268.000
280.000
276.000
268.000
268.000
276.000
280.000
280.000
280.000
280.000
280.000
276.000
276.000
276.000
276.000
280.000
280.000
280.000
280.000
276.000
280.000
280.000
280.000
280.000
280.000
284.000
284.000
288.000
288.000
288.000
288.000
288.000
288.000
288.000
288.000
288.000
288.000
288.000
288.000
288.000
300.000
288.000
288.000
288.000
288.000
288.000
288.000
288.000
288.000
292.000
288.000
288.000
284.000
284.000
284.000
280.000
280.000
276.000
276.000
276.000
276.000
276.000
276.000
276.000
276.000
276.000
276.000
276.000
284.000
292.000
276.000
292.000
292.000
276.000
276.000
276.000
276.000
292.000
276.000
276.000
276.000
276.000
292.000
292.000
276.000
276.000
276.000
276.000
264.000
264.000
264.000
264.000
264.000
264.000
264.000
264.000
264.000
264.000
264.000
264.000
264.000
272.000
264.000
272.000
276.000
276.000
276.000
276.000
272.000
264.000
272.000
276.000
276.000
276.000
276.000
276.000
276.000
280.000
288.000
292.000
292.000
292.000
288.000
288.000
292.000
276.000
272.000
272.000
268.000
268.000
268.000
268.000
268.000
268.000
268.000
268.000
268.000
268.000
268.000
264.000
264.000
264.000
264.000
264.000
264.000
264.000
268.000
268.000
268.000
264.000
264.000
268.000
268.000
264.000
264.000
268.000
268.000
268.000
268.000
268.000
268.000
268.000
268.000
268.000
268.000
268.000
272.000
268.000
268.000
272.000
276.000
272.000
276.000
276.000
284.000
284.000
284.000
284.000
284.000
280.000
280.000
280.000
276.000
280.000
284.000
284.000
280.000
280.000
284.000
288.000
292.000
288.000
292.000
288.000
284.000
284.000
284.000
288.000
288.000
284.000
284.000
284.000
284.000
284.000
288.000
288.000
288.000
288.000
288.000
288.000
288.000
288.000
292.000
292.000
288.000
288.000
288.000
288.000
288.000
292.000
288.000
288.000
288.000
284.000
284.000
284.000
288.000
288.000
288.000
288.000
284.000
284.000
272.000
272.000
268.000
268.000
268.000
268.000
272.000
272.000
268.000
272.000
268.000
268.000
268.000
268.000
268.000
268.000
268.000
272.000
272.000
272.000
280.000
280.000
280.000
280.000
272.000
272.000
280.000
288.000
288.000
288.000
272.000
268.000
268.000
272.000
268.000
268.000
272.000
272.000
268.000
272.000
272.000
268.000
264.000
260.000
252.000
228.000
228.000
228.000
208.000
208.000
208.000
192.000
192.000
192.000
192.000
208.000
244.000
244.000
244.000
252.000
252.000
252.000
252.000
252.000
244.000
216.000
244.000
252.000
252.000
252.000
252.000
252.000
248.000
248.000
248.000
248.000
252.000
252.000
248.000
248.000
244.000
244.000
248.000
244.000
244.000
240.000
240.000
240.000
244.000
244.000
244.000
244.000
244.000
240.000
244.000
264.000
244.000
264.000
268.000
268.000
328.000
324.000
312.000
324.000
328.000
336.000
328.000
336.000
344.000
344.000
344.000
344.000
352.000
352.000
352.000
352.000
352.000
344.000
344.000
336.000
336.000
344.000
356.000
356.000
360.000
360.000
372.000
380.000
396.000
404.000
404.000
420.000
456.000
456.000
468.000
500.000
512.000
620.000
624.000
644.000
680.000
704.000
720.000
724.000
740.000
748.000
784.000
792.000
800.000
804.000
812.000
836.000
852.000
876.000
980.000
1008.000
1084.000
1088.000
1112.000
1228.000
1268.000
1268.000
1304.000
1404.000
1412.000
1424.000
1468.000
1620.000
1632.000
1636.000
1668.000
1772.000
1884.000
1892.000
1936.000
1960.000
2004.000
2072.000
2128.000
2204.000
2212.000
2256.000
2256.000
2272.000
2316.000
2348.000
2404.000
2412.000
2412.000
2492.000
2528.000
2576.000
2640.000
2712.000
2712.000
2844.000
2896.000
2948.000
2968.000
2972.000
2988.000
3092.000
3100.000
3144.000
3168.000
3172.000
3172.000
3176.000
3296.000
3348.000
3392.000
3408.000
3420.000
3504.000
3584.000
3604.000
3632.000
3704.000
3708.000
3744.000
3756.000
3816.000
3840.000
3844.000
3928.000
3976.000
4008.000
4008.000
4088.000
4088.000
4088.000
4152.000
4200.000
4228.000
4256.000
4344.000
4376.000
4388.000
4392.000
4420.000
4540.000
4548.000
4796.000
4800.000
4824.000
4840.000
4920.000
4944.000
4944.000
4968.000
5004.000
5004.000
5004.000
5004.000
5004.000
5036.000
5036.000
5036.000
5084.000
5096.000
5180.000
5208.000
5220.000
5252.000
5264.000
5344.000
5416.000
5436.000
5468.000
5472.000
5488.000
5520.000
5532.000
5552.000
5560.000
5588.000
5636.000
5644.000
5656.000
5684.000
5736.000
5764.000
5768.000
5772.000
5780.000
5784.000
5892.000
5908.000
5920.000
5952.000
5964.000
5984.000
5996.000
6016.000
6024.000
6028.000
6132.000
6160.000
6184.000
6268.000
6280.000
6280.000
6296.000
6316.000
6316.000
6356.000
6380.000
6392.000
6400.000
6412.000
6448.000
6472.000
6484.000
6500.000
6512.000
6544.000
6696.000
6756.000
6760.000
6760.000
6816.000
6840.000
6856.000
6868.000
6888.000
6924.000
6924.000
6948.000
6948.000
6960.000
6960.000
6960.000
6960.000
6960.000
6976.000
6988.000
6988.000
7000.000
7040.000
7056.000
7056.000
7156.000
7196.000
7284.000
7312.000
7316.000
7316.000
7332.000
7348.000
7352.000
7352.000
7376.000
7376.000
7376.000
7388.000
7412.000
7420.000
7452.000
7468.000
7488.000
7508.000
7516.000
7520.000
7536.000
7536.000
7544.000
7572.000
7572.000
7588.000
7596.000
7632.000
7636.000
7648.000
7664.000
7696.000
7704.000
7720.000
7724.000
7728.000
7732.000
7732.000
7740.000
7748.000
7752.000
7772.000
7784.000
7784.000
7796.000
7804.000
7812.000
7820.000
7828.000
7828.000
7828.000
7840.000
7848.000
7852.000
7860.000
7860.000
7864.000
7864.000
7864.000
7884.000
7884.000
7892.000
7892.000
7888.000
7888.000
7888.000
7884.000
7884.000
7864.000
7864.000
7852.000
7844.000
7824.000
7812.000
7812.000
7812.000
7804.000
7796.000
7792.000
7772.000
7772.000
7772.000
7772.000
7760.000
7736.000
7724.000
7700.000
7640.000
7640.000
7620.000
7600.000
7596.000
7596.000
7592.000
7548.000
7540.000
7536.000
7532.000
7512.000
7512.000
7500.000
7492.000
7488.000
7428.000
7428.000
7408.000
7372.000
7364.000
7364.000
7356.000
7276.000
7260.000
7196.000
7188.000
7180.000
7168.000
7136.000
7136.000
7132.000
7096.000
7092.000
7084.000
7020.000
6976.000
6936.000
6912.000
6868.000
6860.000
6852.000
6848.000
6764.000
6756.000
6704.000
6688.000
6640.000
6632.000
6592.000
6588.000
6576.000
6560.000
6552.000
6424.000
6412.000
6400.000
6340.000
6324.000
6304.000
6304.000
6292.000
6232.000
6204.000
6200.000
6148.000
6140.000
6140.000
6064.000
6052.000
6008.000
6000.000
5924.000
5916.000
5896.000
5808.000
5784.000
5760.000
5728.000
5692.000
5672.000
5640.000
5632.000
5544.000
5524.000
5484.000
5456.000
5456.000
5424.000
5348.000
5276.000
5196.000
5156.000
5096.000
5076.000
4984.000
4944.000
4760.000
4692.000
4672.000
4620.000
4520.000
4480.000
4472.000
4392.000
4288.000
4248.000
4224.000
4192.000
4036.000
4000.000
3964.000
3872.000
3768.000
3748.000
3720.000
3696.000
3644.000
3500.000
3404.000
3368.000
3352.000
3284.000
3176.000
3172.000
3156.000
3132.000
3092.000
3060.000
2988.000
2984.000
2884.000
2772.000
2720.000
2576.000
2572.000
2524.000
2428.000
2368.000
2348.000
2344.000
2308.000
2280.000
2224.000
2220.000
2172.000
2084.000
2064.000
2044.000
1944.000
1872.000
1792.000
1764.000
1744.000
1672.000
1660.000
1596.000
1532.000
1520.000
1520.000
1480.000
1436.000
1408.000
1380.000
1368.000
1348.000
1344.000
1340.000
1320.000
1316.000
1272.000
1272.000
1268.000
1252.000
1140.000
1128.000
1124.000
1060.000
984.000
980.000
976.000
972.000
952.000
952.000
940.000
924.000
912.000
908.000
820.000
808.000
788.000
760.000
760.000
760.000
696.000
696.000
696.000
640.000
640.000
608.000
592.000
592.000
592.000
592.000
528.000
516.000
484.000
528.000
528.000
528.000
484.000
484.000
484.000
492.000
492.000
492.000
500.000
492.000
492.000
500.000
500.000
504.000
508.000
504.000
508.000
508.000
508.000
508.000
508.000
508.000
508.000
512.000
508.000
508.000
508.000
508.000
508.000
508.000
508.000
508.000
508.000
508.000
508.000
508.000
508.000
512.000
508.000
512.000
512.000
508.000
512.000
512.000
512.000
512.000
556.000
556.000
556.000
556.000
556.000
556.000
536.000
536.000
512.000
512.000
528.000
528.000
512.000
528.000
512.000
512.000
512.000
512.000
512.000
512.000
512.000
512.000
508.000
512.000
508.000
492.000
492.000
492.000
508.000
508.000
492.000
508.000
508.000
508.000
508.000
508.000
508.000
508.000
488.000
508.000
512.000
508.000
488.000
488.000
488.000
524.000
488.000
524.000
524.000
532.000
548.000
548.000
532.000
524.000
548.000
560.000
560.000
560.000
560.000
560.000
548.000
548.000
548.000
548.000
548.000
548.000
572.000
572.000
572.000
588.000
572.000
596.000
572.000
572.000
572.000
572.000
572.000
596.000
596.000
572.000
572.000
540.000
540.000
572.000
572.000
580.000
580.000
596.000
628.000
596.000
596.000
628.000
628.000
628.000
604.000
628.000
628.000
628.000
628.000
628.000
676.000
696.000
676.000
764.000
764.000
676.000
676.000
676.000
676.000
692.000
692.000
692.000
676.000
660.000
660.000
652.000
604.000
588.000
588.000
588.000
588.000
568.000
568.000
508.000
508.000
492.000
488.000
488.000
472.000
464.000
472.000
472.000
464.000
448.000
448.000
448.000
400.000
388.000
364.000
364.000
320.000
320.000
320.000
320.000
308.000
296.000
292.000
292.000
292.000
288.000
288.000
288.000
284.000
284.000
284.000
284.000
280.000
280.000
280.000
276.000
276.000
260.000
276.000
276.000
276.000
280.000
276.000
260.000
260.000
256.000
252.000
256.000
252.000
252.000
252.000
252.000
240.000
252.000
260.000
260.000
260.000
252.000
252.000
260.000
252.000
240.000
240.000
240.000
240.000
252.000
240.000
232.000
240.000
240.000
272.000
272.000
240.000
272.000
272.000
288.000
272.000
272.000
272.000
272.000
272.000
272.000
272.000
272.000
272.000
272.000
288.000
288.000
296.000
296.000
288.000
288.000
296.000
296.000
296.000
296.000
296.000
296.000
296.000
280.000
272.000
276.000
280.000
280.000
280.000
280.000
280.000
284.000
284.000
280.000
280.000
280.000
280.000
280.000
280.000
280.000
280.000
280.000
280.000
280.000
280.000
280.000
284.000
284.000
284.000
284.000
284.000
280.000
264.000
264.000
264.000
260.000
260.000
264.000
264.000
288.000
288.000
288.000
324.000
324.000
404.000
404.000
432.000
444.000
444.000
504.000
828.000
1124.000
1140.000
1264.000
1544.000
1556.000
1612.000
1668.000
1696.000
1848.000
1864.000
1936.000
2008.000
2040.000
2160.000
2180.000
2260.000
2400.000
2504.000
2544.000
2552.000
2656.000
2832.000
2888.000
2992.000
3108.000
3172.000
3212.000
3384.000
3404.000
3436.000
3472.000
3580.000
3632.000
3636.000
3732.000
3748.000
3804.000
3860.000
3952.000
4012.000
4012.000
4096.000
4108.000
4196.000
4200.000
4284.000
4372.000
4396.000
4432.000
4552.000
4588.000
4632.000
4648.000
4648.000
4704.000
4732.000
4736.000
4764.000
4828.000
4860.000
4868.000
4880.000
4900.000
4980.000
5092.000
5112.000
5116.000
5220.000
5248.000
5256.000
5288.000
5292.000
5344.000
5440.000
5640.000
5688.000
5736.000
5744.000
5872.000
5876.000
5884.000
5972.000
5980.000
5992.000
6028.000
6084.000
6100.000
6156.000
6240.000
6248.000
6248.000
6328.000
6472.000
6600.000
6640.000
6720.000
6744.000
6752.000
6832.000
6852.000
6860.000
6908.000
6972.000
6996.000
7000.000
7208.000
7332.000
7364.000
7372.000
7396.000
7396.000
7396.000
7396.000
7396.000
7396.000
7396.000
7396.000
7372.000
7364.000
7364.000
7364.000
7364.000
7332.000
7268.000
7212.000
7144.000
7068.000
6940.000
6836.000
6804.000
6744.000
6680.000
6540.000
6536.000
6520.000
6480.000
6428.000
6356.000
6312.000
6308.000
6204.000
6192.000
6164.000
6156.000
5980.000
5940.000
5916.000
5880.000
5784.000
5784.000
5684.000
5672.000
5648.000
5556.000
5556.000
5536.000
5440.000
5384.000
5376.000
5308.000
5108.000
5056.000
5012.000
4960.000
4844.000
4760.000
4712.000
4664.000
4512.000
4496.000
4436.000
4336.000
4128.000
4120.000
4108.000
4008.000
3844.000
3836.000
3704.000
3672.000
3592.000
3416.000
3400.000
3292.000
3156.000
3128.000
3024.000
2948.000
2924.000
2832.000
2748.000
2612.000
2580.000
2488.000
2464.000
2360.000
2264.000
2172.000
2160.000
1992.000
1916.000
1904.000
1884.000
1820.000
1792.000
1764.000
1764.000
1736.000
1736.000
1688.000
1676.000
1640.000
1616.000
1576.000
1544.000
1524.000
1456.000
1452.000
1444.000
1408.000
1372.000
1350.000
1328.000
1316.000
1304.000
1230.000
1156.000
1114.000
1072.000
1056.000
1040.000
