-4828
-4852
-4476
-4864
-4172
-4504
-5156
-4832
-4604
-4212
-4768
-4920
-4796
-4752
-4496
-4552
-4668
-4412
-4832
-4408
-4356
-3976
-4452
-4344
-4168
-4464
-4664
-4644
-4604
-4320
-4368
-4424
-4392
-4348
-4528
-4428
-4372
-4328
-4488
-4444
-4424
-4304
-4252
-4160
-3816
-3916
-4396
-4660
-4556
-3940
-3964
-4168
-4284
-4544
-4336
-4068
-4112
-4268
-4080
-4032
-3864
-3940
-4020
-3984
-3968
-4000
-3968
-3636
-3784
-3936
-3628
-3692
-3872
-3864
-3728
-3612
-3468
-3588
-3620
-3888
-3508
-3380
-3288
-3312
-3336
-3428
-3408
-3396
-3208
-3352
-3572
-3532
-3572
-3128
-2968
-2816
-2916
-3100
-3284
-3288
-3020
-2936
-2932
-2820
-2660
-2660
-2812
-2932
-2912
-2996
-2892
-2652
-2584
-2820
-2732
-2656
-2608
-2340
-2168
-2720
-2676
-2736
-2340
-2408
-2496
-2464
-2484
-2320
-2252
-2404
-2160
-2344
-2584
-2160
-2204
-2124
-2176
-2152
-2296
-2136
-2084
-2120
-1956
-1952
-1688
-1676
-2000
-2112
-2056
-1712
-1632
-1844
-1744
-1568
-1540
-1852
-1816
-1760
-1240
-1272
-1628
-1352
-1208
-1272
-1368
-1516
-1376
-1252
-864
-1108
-1092
-1228
-1128
-1008
-984
-1012
-1112
-1016
-788
-1120
-1248
-1192
-800
-672
-692
-776
-884
-808
-716
-672
-700
-832
-564
-480
-800
-476
-456
-840
-532
-640
-696
-284
-220
-196
-92
-144
-268
-296
-308
-220
-280
-212
-40
-64
-208
-56
240
384
108
52
28
40
180
244
256
476
240
228
520
784
584
440
456
484
484
560
692
560
592
780
816
832
848
604
604
952
1192
912
924
780
1008
1492
1304
1068
904
1196
1120
1300
1232
1320
1284
1100
1340
1592
1496
1328
1312
1440
1408
1688
1432
1288
1336
1600
1624
1980
1984
1752
1828
1820
1856
2036
2048
2032
1968
2248
2056
2200
2132
2068
2136
2332
2456
2436
2320
2280
2288
2048
2216
2440
2796
2728
2704
2640
2616
2460
2440
2636
2784
2904
2776
2884
2724
2804
2920
2728
2912
3072
3112
3136
2852
2732
3260
3360
2852
2952
3208
3172
3204
3276
3572
3544
3424
3140
3132
3340
3788
3632
3452
3524
3396
3584
3596
3760
3948
3656
3792
3928
3660
3700
3964
4036
3992
3736
3628
4060
4100
3976
3900
3984
4156
4112
4196
4388
4156
4324
4476
3900
4008
4132
4164
4380
4352
4236
4248
4380
4544
4200
4364
4652
4528
4396
4464
4668
4948
4708
4480
4540
4812
4952
4756
4812
4832
4736
4692
4780
5048
4936
5128
4840
4788
5000
5124
4936
4880
5052
5092
5096
5120
5264
5280
5384
5188
5116
5340
5324
5448
5648
5496
5332
5484
5460
5648
5840
5664
5448
5632
5672
5788
6088
6116
5892
5708
5812
6184
6432
6364
6120
6100
6084
6316
6420
6416
6116
6292
6296
6412
6144
6572
6744
6800
6400
6720
6828
6520
6644
6828
6640
7028
7000
6992
6860
7032
7056
6892
6792
7184
7084
6880
7128
7336
7008
7140
7300
7248
7060
7024
7196
7420
7320
7600
7424
7380
7352
7264
7304
7340
7456
7464
7396
7524
7672
7504
7688
7792
7756
7676
7800
7784
7736
7612
7780
7828
7900
7820
7964
7900
8040
8220
8096
8164
8228
8192
8236
8280
8240
8248
8280
8268
8492
8628
8408
8348
8192
8528
8480
8648
8436
8564
8676
8768
8968
8728
8664
8856
8664
8816
8616
8792
8832
8800
8788
8884
9176
9004
8976
9036
9048
9244
9112
9356
9044
9288
9256
9268
9304
9472
9436
9436
9472
9480
9408
9460
9428
9428
9340
9488
9604
9760
9600
9512
9580
9872
9920
9764
9640
9548
9804
9828
9772
10028
10108
9804
9908
10108
9928
9968
10080
10080
10128
10052
10060
10012
10180
10168
10244
10204
10192
10320
10188
10224
10484
10460
10444
10432
10360
10480
10520
10572
10624
10660
10672
10512
10496
10676
10732
10480
10680
10752
10868
10972
10800
10788
10856
10796
10944
11132
10924
10808
11068
10928
11064
11112
11312
11040
11212
11120
10948
11172
11172
11260
11288
11484
11332
11208
11528
11284
11412
11412
11548
11360
11492
11384
11352
11492
11664
11396
11636
11524
11680
11780
11572
11712
11504
11748
11788
11864
11676
11864
11964
11892
11792
11976
12028
11936
11824
12280
11924
12280
12136
11936
11916
12464
12044
12140
12120
12128
11984
12228
12236
11856
12284
12524
12180
12148
12060
12336
12728
12380
12260
12336
12672
12600
12380
12488
12444
12416
12688
12568
12560
12348
12644
12644
12528
12688
12860
12636
12700
12864
12620
12468
12760
12720
13120
12712
12736
13072
12824
12712
12920
12756
13128
13232
13052
12828
12856
12636
12964
12824
12968
13280
13196
13160
13288
13168
13148
13008
13192
13460
13152
13260
13216
12888
13392
13168
13044
13296
13232
13348
13288
13448
13420
13508
13588
13576
13064
13212
13452
14068
13440
13184
13356
13340
13964
13100
13012
13440
13588
13604
13860
13704
13560
13724
13628
13652
13576
13828
13624
13644
13768
13868
13648
13548
13596
13664
13732
13768
14008
14028
13836
13688
13808
14008
13924
13912
13796
13968
13828
13860
14260
13788
13984
13756
13888
14104
14108
13784
14000
14092
13972
14108
14260
14080
14092
13856
13764
13768
14456
14060
14104
13920
14060
14080
14312
14164
14116
14520
14088
14156
13964
14556
14580
14016
13876
13928
14276
14052
14216
14292
14288
14572
14408
14476
14236
14284
14540
14232
14052
14608
14956
15052
14448
14260
15236
15088
14468
14664
14580
14192
14560
14584
14368
14744
15208
15228
14948
14424
14400
14604
14832
14784
14316
14812
15268
15032
15004
15004
14920
15448
14688
14744
14732
15152
15024
14480
14872
15096
14968
15000
14996
15232
15404
15172
15040
14820
15040
15124
15388
15180
15040
14904
14336
14772
15100
15348
15292
15132
15164
15108
15356
15308
15012
14644
14912
15500
15284
15196
15196
15080
15296
15148
14996
15144
15052
15412
15524
15376
15244
15272
15256
15244
15108
14980
15424
15544
15380
15408
14892
15116
15360
15472
15504
15768
15640
15408
15540
15340
15316
15484
15520
15316
15396
15568
15424
15532
15196
15532
15708
15712
15672
15856
15508
15952
15772
15352
15408
15620
15944
15792
15556
15232
15476
15600
16288
15196
16040
15456
16088
15868
15760
16044
15520
15740
15392
16008
16040
15936
15736
16084
16240
15956
15760
15816
18032
15804
16204
15684
16424
15664
15548
15856
16552
15264
16280
17796
15820
17012
15696
15988
16004
15008
17260
15556
16396
16456
16580
16792
16324
15704
16292
16000
16440
16120
15436
15564
16048
15656
15928
16032
16732
15988
16456
16168
16576
16152
16152
16084
15868
15920
16324
16200
16420
16684
16536
16436
15948
15548
15964
16124
16204
16188
16260
16144
16372
16312
16056
15936
15940
16104
16608
16200
16360
16248
16140
16292
16152
16272
16172
16080
16332
16352
16388
16484
16204
16080
16104
16312
16376
16408
15996
15944
15848
16076
16184
16372
16592
16580
16520
16424
16344
16260
16188
16020
16060
16156
16292
16584
16496
16648
16396
16444
16520
16316
16044
16008
15964
16192
16164
16212
16436
16452
16536
16504
16516
16240
15964
16156
16276
16388
16516
16384
16164
15860
16576
15948
16768
16536
16348
16136
16324
16300
16332
16188
16440
16720
16524
16644
16360
16632
16500
16332
16096
16372
16436
16344
16312
16668
16280
16288
16200
16272
16216
16304
16372
16448
16232
16372
16384
16332
16440
16520
16512
16204
16296
16204
16196
16216
16500
15940
16444
16336
16472
16332
16580
16476
16276
16308
16276
16656
16572
16532
16484
16240
16356
16128
16620
16668
15964
15924
16028
16268
16364
16172
16300
16188
16236
16556
16548
16396
16228
16420
16220
16300
16272
16244
15952
16132
16088
16104
15692
16192
16148
16264
16680
16716
16632
16364
16012
15676
15964
15896
15844
16200
16240
16508
16644
16076
15796
15804
16296
16032
16048
15968
16128
16052
16468
16276
16104
16216
16532
16368
15908
15984
15824
15996
15884
15672
15524
15616
16292
16284
15908
15668
16604
16528
15944
16256
15732
15736
15940
15892
15808
16092
16120
16044
16096
15968
15976
15780
15724
15940
15664
15992
16020
15896
15692
15816
16112
16120
16036
15880
16024
16076
15588
15880
15716
15740
15764
15884
15444
15220
15444
15680
15972
15692
15640
15388
15968
15884
15764
15604
15460
15568
15728
15740
15780
15456
15664
15804
16032
15848
15776
15780
16052
15960
15688
15584
15388
15136
15812
15736
15516
15688
15600
15496
15496
15496
15764
15732
15808
15704
15320
15604
15472
15444
15248
15324
15192
15264
15064
15144
15284
15404
15568
15448
15584
15608
15516
15576
15204
15248
14988
15252
15432
15304
15112
15348
15264
15264
15344
15532
15352
15368
15540
15616
15244
15256
15512
15440
15004
15012
14900
15272
15372
15164
15228
15440
15588
15184
15304
15132
14948
14868
14996
15048
15412
15364
15124
14996
15032
15216
15120
14936
14784
15300
15268
14948
15152
15052
15228
15144
15076
14764
14904
14684
14980
15128
15284
14972
15196
14908
14764
14772
14780
14888
15044
14856
14916
15008
15012
14676
14680
14880
14444
15084
14804
14636
14776
14828
14756
14356
14180
14736
14628
14240
14656
14668
14760
14876
14504
15232
14960
15156
14764
14648
14432
14392
14708
14564
14300
14980
15104
14428
14648
14712
14700
14348
14840
14432
14628
14100
14056
13964
14224
14344
14984
14672
14836
14948
14516
14584
14436
14484
14116
14220
13992
14664
14384
14072
13864
14000
14144
14444
14472
14448
14416
14076
13888
13452
14304
