-164.000
-188.000
-164.000
-150.000
-136.000
-132.000
-136.000
-150.000
-164.000
-150.000
-164.000
-160.000
-156.000
-156.000
-164.000
-156.000
-164.000
-156.000
-136.000
-156.000
-156.000
-156.000
-156.000
-128.000
-116.000
-128.000
-128.000
-128.000
-128.000
-116.000
-156.000
-156.000
-156.000
-116.000
-116.000
-116.000
-116.000
-180.000
-184.000
-180.000
-180.000
-28.000
-180.000
-180.000
-84.000
-180.000
-84.000
-84.000
-96.000
-96.000
-96.000
-96.000
-96.000
-184.000
-184.000
-96.000
-88.000
-88.000
-88.000
-88.000
-88.000
-84.000
-28.000
-28.000
-28.000
-60.000
-60.000
-60.000
-60.000
-88.000
-60.000
-88.000
-60.000
4.000
-60.000
4.000
4.000
4.000
4.000
4.000
4.000
4.000
4.000
-24.000
-24.000
4.000
-24.000
-24.000
-24.000
-24.000
4.000
4.000
4.000
4.000
24.000
4.000
4.000
-8.000
-24.000
-24.000
-24.000
-24.000
-36.000
-36.000
-60.000
-72.000
-60.000
-60.000
-72.000
-72.000
-72.000
-72.000
-72.000
-72.000
-72.000
-72.000
-72.000
-52.000
-52.000
-72.000
-72.000
-52.000
-52.000
4.000
4.000
-52.000
-52.000
-52.000
-40.000
4.000
120.000
4.000
4.000
4.000
88.000
124.000
124.000
88.000
124.000
124.000
88.000
-40.000
-40.000
-96.000
-96.000
-40.000
-40.000
-40.000
-96.000
-96.000
-104.000
-104.000
-40.000
-104.000
-104.000
-104.000
-104.000
-104.000
-32.000
-104.000
-104.000
-104.000
-32.000
-60.000
-104.000
-60.000
-32.000
-60.000
-32.000
-32.000
20.000
-60.000
0.000
20.000
20.000
40.000
20.000
0.000
20.000
4.000
0.000
4.000
4.000
0.000
4.000
0.000
0.000
0.000
0.000
4.000
4.000
0.000
4.000
0.000
0.000
0.000
0.000
-12.000
-12.000
4.000
4.000
4.000
4.000
4.000
-32.000
-24.000
-24.000
-24.000
-24.000
-24.000
-16.000
-4.000
-16.000
-16.000
-16.000
-16.000
-16.000
-16.000
-4.000
0.000
0.000
4.000
4.000
0.000
0.000
-4.000
-8.000
-4.000
-4.000
-4.000
-4.000
-4.000
0.000
4.000
4.000
0.000
0.000
4.000
4.000
4.000
0.000
0.000
0.000
0.000
0.000
0.000
-4.000
-4.000
-4.000
-4.000
-4.000
-4.000
-4.000
-4.000
0.000
0.000
0.000
0.000
0.000
-8.000
-8.000
-8.000
-8.000
-16.000
-8.000
-8.000
-8.000
-8.000
-8.000
-8.000
-8.000
-8.000
-8.000
-8.000
-8.000
-8.000
-8.000
-8.000
-8.000
-8.000
-4.000
-4.000
-4.000
-8.000
-8.000
-4.000
-4.000
-4.000
-4.000
-4.000
-4.000
-4.000
-4.000
-4.000
-4.000
-8.000
-4.000
-4.000
0.000
0.000
-4.000
-4.000
-8.000
-4.000
-4.000
-8.000
-8.000
-8.000
-4.000
-4.000
-4.000
-4.000
-4.000
-4.000
-12.000
-4.000
-4.000
-16.000
-16.000
-8.000
-4.000
-8.000
-8.000
-16.000
-8.000
-8.000
-4.000
-4.000
-8.000
-8.000
-8.000
-8.000
-8.000
-8.000
-8.000
-8.000
-8.000
-12.000
-12.000
-8.000
-12.000
-8.000
-8.000
-4.000
-4.000
-4.000
12.000
-4.000
-4.000
-8.000
-4.000
-12.000
-12.000
-12.000
-4.000
-4.000
-12.000
-4.000
12.000
12.000
12.000
24.000
32.000
44.000
44.000
76.000
80.000
76.000
44.000
44.000
76.000
72.000
76.000
80.000
88.000
88.000
92.000
92.000
92.000
92.000
100.000
100.000
104.000
100.000
92.000
92.000
92.000
92.000
92.000
92.000
92.000
92.000
104.000
108.000
104.000
104.000
108.000
108.000
108.000
108.000
104.000
108.000
108.000
108.000
108.000
108.000
108.000
84.000
108.000
132.000
160.000
160.000
160.000
132.000
132.000
108.000
84.000
84.000
84.000
84.000
84.000
52.000
52.000
52.000
52.000
52.000
52.000
52.000
84.000
52.000
40.000
52.000
52.000
40.000
32.000
-8.000
-8.000
-8.000
-8.000
-8.000
-8.000
-8.000
-8.000
-8.000
-80.000
-92.000
-104.000
-120.000
-120.000
-128.000
-128.000
-136.000
-164.000
-196.000
-212.000
-224.000
-232.000
-252.000
-272.000
-276.000
-328.000
-388.000
-388.000
-396.000
-600.000
-620.000
-620.000
-680.000
-740.000
-800.000
-804.000
-856.000
-900.000
-940.000
-980.000
-992.000
-1020.000
-1032.000
-1068.000
-1088.000
-1100.000
-1108.000
-1112.000
-1148.000
-1156.000
-1164.000
-1192.000
-1204.000
-1208.000
-1208.000
-1216.000
-1248.000
-1332.000
-1352.000
-1376.000
-1432.000
-1432.000
-1468.000
-1468.000
-1484.000
-1584.000
-1600.000
-1620.000
-1628.000
-1636.000
-1672.000
-1680.000
-1708.000
-1720.000
-1728.000
-1752.000
-1796.000
-1844.000
-1880.000
-1880.000
-1940.000
-2016.000
-2028.000
-2072.000
-2096.000
-2108.000
-2140.000
-2204.000
-2224.000
-2232.000
-2272.000
-2276.000
-2300.000
-2316.000
-2344.000
-2396.000
-2404.000
-2476.000
-2516.000
-2516.000
-2548.000
-2580.000
-2604.000
-2636.000
-2672.000
-2696.000
-2712.000
-2736.000
-2764.000
-2844.000
-2880.000
-2896.000
-2964.000
-2968.000
-3020.000
-3100.000
-3100.000
-3116.000
-3176.000
-3180.000
-3232.000
-3240.000
-3256.000
-3272.000
-3336.000
-3336.000
-3344.000
-3348.000
-3364.000
-3444.000
-3504.000
-3508.000
-3588.000
-3600.000
-3616.000
-3664.000
-3668.000
-3672.000
-3688.000
-3708.000
-3748.000
-3804.000
-3848.000
-3888.000
-3916.000
-3948.000
-3956.000
-3988.000
-4008.000
-4036.000
-4056.000
-4072.000
-4116.000
-4128.000
-4140.000
-4156.000
-4196.000
-4200.000
-4204.000
-4248.000
-4256.000
-4272.000
-4308.000
-4320.000
-4372.000
-4388.000
-4388.000
-4400.000
-4412.000
-4460.000
-4464.000
-4468.000
-4484.000
-4492.000
-4556.000
-4576.000
-4616.000
-4632.000
-4660.000
-4660.000
-4720.000
-4764.000
-4764.000
-4768.000
-4780.000
-4792.000
-4792.000
-4792.000
-4792.000
-4792.000
-4812.000
-4816.000
-4812.000
-4812.000
-4816.000
-4816.000
-4816.000
-4816.000
-4816.000
-4816.000
-4816.000
-4816.000
-4816.000
-4816.000
-4820.000
-4820.000
-4820.000
-4820.000
-4820.000
-4816.000
-4816.000
-4816.000
-4816.000
-4816.000
-4768.000
-4744.000
-4744.000
-4744.000
-4732.000
-4724.000
-4724.000
-4696.000
-4688.000
-4664.000
-4664.000
-4656.000
-4640.000
-4632.000
-4616.000
-4580.000
-4560.000
-4528.000
-4480.000
-4480.000
-4476.000
-4460.000
-4460.000
-4428.000
-4380.000
-4380.000
-4348.000
-4340.000
-4340.000
-4320.000
-4300.000
-4280.000
-4272.000
-4272.000
-4260.000
-4232.000
-4212.000
-4200.000
-4096.000
-4092.000
-4080.000
-4044.000
-4028.000
-3988.000
-3980.000
-3972.000
-3960.000
-3920.000
-3888.000
-3880.000
-3828.000
-3820.000
-3736.000
-3728.000
-3636.000
-3628.000
-3568.000
-3544.000
-3520.000
-3520.000
-3480.000
-3468.000
-3408.000
-3368.000
-3260.000
-3240.000
-3148.000
-3064.000
-3056.000
-2964.000
-2956.000
-2912.000
-2892.000
-2892.000
-2840.000
-2824.000
-2796.000
-2744.000
-2668.000
-2656.000
-2612.000
-2596.000
-2424.000
-2388.000
-2384.000
-2332.000
-2272.000
-2240.000
-2212.000
-2180.000
-2048.000
-2040.000
-2008.000
-1988.000
-1960.000
-1900.000
-1896.000
-1872.000
-1820.000
-1816.000
-1800.000
-1728.000
-1676.000
-1656.000
-1632.000
-1620.000
-1604.000
-1416.000
-1408.000
-1372.000
-1372.000
-1348.000
-1348.000
-1280.000
-1248.000
-1240.000
-1212.000
-1132.000
-1120.000
-1100.000
-1092.000
-1060.000
-1000.000
-976.000
-964.000
-932.000
-932.000
-932.000
-932.000
-884.000
-876.000
-876.000
-872.000
-872.000
-856.000
-836.000
-836.000
-756.000
-752.000
-748.000
-684.000
-668.000
-620.000
-604.000
-604.000
-580.000
-576.000
-544.000
-528.000
-512.000
-480.000
-468.000
-432.000
-428.000
-384.000
-376.000
-368.000
-348.000
-320.000
-276.000
-264.000
-240.000
-224.000
-224.000
-220.000
-204.000
-200.000
-184.000
-184.000
-172.000
-152.000
-124.000
-120.000
-120.000
-112.000
-112.000
-112.000
-112.000
-104.000
-64.000
-64.000
-64.000
-44.000
-8.000
-8.000
-8.000
-8.000
-4.000
8.000
8.000
16.000
16.000
16.000
16.000
60.000
60.000
60.000
16.000
60.000
64.000
64.000
64.000
64.000
64.000
64.000
64.000
64.000
52.000
52.000
52.000
52.000
52.000
52.000
52.000
52.000
52.000
52.000
52.000
72.000
72.000
72.000
52.000
76.000
76.000
76.000
52.000
52.000
76.000
80.000
76.000
76.000
76.000
92.000
120.000
92.000
76.000
92.000
112.000
112.000
112.000
92.000
76.000
92.000
92.000
76.000
40.000
76.000
76.000
76.000
40.000
40.000
76.000
76.000
40.000
40.000
40.000
76.000
76.000
40.000
40.000
76.000
76.000
40.000
36.000
36.000
76.000
112.000
36.000
24.000
24.000
24.000
24.000
20.000
20.000
-4.000
20.000
20.000
20.000
-4.000
-4.000
20.000
-4.000
-28.000
-28.000
-28.000
-28.000
-36.000
-36.000
-36.000
-60.000
-88.000
-92.000
-104.000
-116.000
-124.000
-280.000
-292.000
-308.000
-324.000
-348.000
-504.000
-520.000
-548.000
-588.000
-632.000
-716.000
-732.000
-792.000
-808.000
-872.000
-876.000
-932.000
-932.000
-988.000
-1072.000
-1092.000
-1124.000
-1156.000
-1172.000
-1216.000
-1236.000
-1284.000
-1348.000
-1352.000
-1500.000
-1500.000
-1516.000
-1532.000
-1540.000
-1548.000
-1564.000
-1624.000
-1712.000
-1724.000
-1800.000
-1816.000
-1836.000
-1924.000
-2040.000
-2064.000
-2076.000
-2116.000
-2152.000
-2292.000
-2336.000
-2356.000
-2360.000
-2516.000
-2536.000
-2624.000
-2712.000
-2736.000
-2756.000
-2772.000
-2836.000
-2928.000
-2936.000
-3056.000
-3072.000
-3128.000
-3140.000
-3404.000
-3432.000
-3464.000
-3508.000
-3528.000
-3636.000
-3672.000
-3744.000
-3776.000
-3832.000
-3860.000
-3908.000
-3924.000
-3936.000
-3940.000
-4056.000
-4084.000
-4088.000
-4108.000
-4112.000
-4120.000
-4128.000
-4244.000
-4252.000
-4276.000
-4372.000
-4400.000
-4400.000
-4428.000
-4432.000
-4484.000
-4496.000
-4496.000
-4496.000
-4504.000
-4524.000
-4524.000
-4588.000
-4604.000
-4628.000
-4644.000
-4656.000
-4656.000
-4676.000
-4684.000
-4692.000
-4692.000
-4696.000
-4756.000
-4784.000
-4792.000
-4792.000
-4792.000
-4792.000
-4792.000
-4792.000
-4792.000
-4792.000
-4792.000
-4792.000
-4792.000
-4792.000
-4784.000
-4784.000
-4764.000
-4764.000
-4756.000
-4756.000
-4756.000
-4752.000
-4740.000
-4728.000
-4720.000
-4708.000
-4652.000
-4640.000
-4632.000
-4588.000
-4564.000
-4564.000
-4556.000
-4524.000
-4492.000
-4476.000
-4476.000
-4392.000
-4372.000
-4348.000
-4316.000
-4288.000
-4288.000
-4248.000
-4172.000
-4132.000
-4128.000
-4112.000
-4060.000
-4036.000
-4004.000
-3924.000
-3888.000
-3876.000
-3848.000
-3848.000
-3812.000
-3700.000
-3584.000
-3564.000
-3508.000
-3468.000
-3404.000
-3388.000
-3316.000
-3296.000
-3272.000
-3244.000
-3156.000
-2964.000
-2964.000
-2956.000
-2928.000
-2876.000
-2796.000
-2768.000
-2676.000
-2652.000
-2652.000
-2640.000
-2616.000
-2608.000
-2552.000
-2516.000
-2420.000
-2368.000
-2352.000
-2340.000
-2304.000
-2296.000
-2208.000
-2204.000
-1976.000
-1964.000
-1960.000
-1948.000
-1944.000
-1860.000
-1832.000
-1772.000
-1736.000
-1708.000
-1700.000
-1636.000
-1604.000
-1576.000
-1556.000
-1504.000
-1468.000
-1456.000
-1324.000
-1320.000
-1116.000
-1092.000
-1088.000
-1088.000
-1040.000
-1036.000
-900.000
-900.000
-900.000
-860.000
-828.000
-828.000
-792.000
-788.000
-780.000
-708.000
-616.000
-588.000
-572.000
-548.000
-516.000
-516.000
-464.000
-408.000
-408.000
-376.000
-368.000
-312.000
-312.000
-244.000
-244.000
-244.000
-232.000
-20.000
-4.000
-4.000
-4.000
8.000
-4.000
-4.000
8.000
8.000
8.000
4.000
8.000
8.000
8.000
60.000
68.000
72.000
72.000
68.000
68.000
68.000
68.000
68.000
68.000
68.000
68.000
48.000
68.000
68.000
48.000
68.000
68.000
64.000
68.000
68.000
68.000
68.000
68.000
64.000
56.000
48.000
44.000
44.000
48.000
48.000
48.000
48.000
48.000
48.000
48.000
48.000
52.000
52.000
56.000
56.000
56.000
56.000
52.000
48.000
48.000
52.000
48.000
44.000
48.000
48.000
48.000
52.000
52.000
48.000
48.000
52.000
52.000
52.000
52.000
60.000
68.000
68.000
68.000
68.000
72.000
72.000
72.000
72.000
92.000
92.000
100.000
104.000
104.000
100.000
112.000
112.000
112.000
100.000
100.000
112.000
100.000
96.000
96.000
100.000
100.000
96.000
92.000
84.000
92.000
96.000
84.000
80.000
80.000
80.000
80.000
76.000
72.000
76.000
80.000
76.000
72.000
76.000
80.000
80.000
80.000
80.000
80.000
80.000
80.000
80.000
80.000
80.000
80.000
80.000
80.000
80.000
80.000
80.000
80.000
80.000
80.000
80.000
80.000
80.000
80.000
80.000
80.000
80.000
80.000
72.000
72.000
72.000
72.000
72.000
80.000
80.000
80.000
72.000
72.000
64.000
64.000
52.000
36.000
36.000
-4.000
-100.000
-112.000
-116.000
-192.000
-248.000
-260.000
-300.000
-332.000
-356.000
-396.000
-444.000
-480.000
-528.000
-552.000
-620.000
-624.000
-640.000
-660.000
-736.000
-752.000
-832.000
-836.000
-840.000
-932.000
-1060.000
-1072.000
-1172.000
-1188.000
-1248.000
-1324.000
-1332.000
-1396.000
-1432.000
-1488.000
-1492.000
-1540.000
-1700.000
-1732.000
-1764.000
-1780.000
-1780.000
-1804.000
-1864.000
-1864.000
-1960.000
-1960.000
-2024.000
-2044.000
-2072.000
-2084.000
-2100.000
-2136.000
-2140.000
-2232.000
-2236.000
-2340.000
-2388.000
-2400.000
-2408.000
-2436.000
-2448.000
-2528.000
-2544.000
-2768.000
-2792.000
-2816.000
-2824.000
-2860.000
-2864.000
-2872.000
-2976.000
-2984.000
-3008.000
-3032.000
-3040.000
-3132.000
-3252.000
-3336.000
-3356.000
-3420.000
-3432.000
-3468.000
-3480.000
-3508.000
-3540.000
-3616.000
-3620.000
-3668.000
-3712.000
-3832.000
-3912.000
-3944.000
-3948.000
-3960.000
-4012.000
-4024.000
-4032.000
-4124.000
-4180.000
-4188.000
-4244.000
-4252.000
-4280.000
-4344.000
-4356.000
-4512.000
-4536.000
-4536.000
-4592.000
-4636.000
-4664.000
-4680.000
-4680.000
-4684.000
-4700.000
-4732.000
-4740.000
-4744.000
-4748.000
-4776.000
-4780.000
-4776.000
-4780.000
-4784.000
-4784.000
-4786.000
-4788.000
-4814.000
-4840.000
-4814.000
-4840.000
-4848.000
-4856.000
-4900.000
-4944.000
-4950.000
-4944.000
