-500
-856
-908
124
76
-116
920
-1100
-524
140
-36
-136
-436
-344
-40
-168
-256
-132
-344
-288
-168
-264
-340
-224
-224
-268
-252
-280
-252
-236
-228
-248
-224
-148
-224
-224
-200
-332
-124
-180
-356
-320
-284
-548
-136
-92
-212
-392
-216
-4
-32
-196
-256
-244
-172
-156
-148
-232
-280
-324
-240
-416
-236
-220
-120
-128
72
336
392
128
456
276
464
692
576
720
660
624
708
812
796
760
872
1012
880
1036
1164
1280
1268
1448
1460
1492
1484
1588
1576
1596
1512
1636
1556
1596
1640
1624
1556
1636
1716
1660
1820
1832
2004
1880
1992
2056
1980
2120
2084
2128
2240
2260
2320
2304
2384
2240
2408
2440
2516
2356
2420
2576
2480
2572
2612
2588
2480
2592
2532
2480
2672
2648
2640
2684
2852
2860
2684
2796
2948
2960
2920
3128
3036
3148
3164
3092
3196
3172
3232
3288
3340
3244
3308
3540
3400
3424
3488
3356
3416
3452
3472
3668
3464
3448
3636
3616
3748
3604
3784
3824
3608
3868
3704
3780
3908
3916
3816
4080
3984
3876
3960
3832
3936
3996
4036
4200
3996
4168
4024
4100
4184
4152
4172
4244
4288
4292
4280
4300
4340
4268
5012
4664
4492
4660
4692
4656
4812
4652
4740
4848
4764
4732
4844
4792
4952
4780
4680
4820
4856
4916
5012
4800
4980
4892
4972
4996
4972
5808
5176
5992
5376
5456
5424
5400
5384
5340
5328
5244
5436
5456
5516
5416
5604
5552
5572
4928
5540
5256
5664
6260
6212
5832
5748
5848
5876
5848
5968
5908
5816
5836
5944
5844
6092
5832
5920
5896
5944
6116
6128
6100
6228
6216
6272
6368
6212
6512
6296
6320
6520
6344
6572
6576
6512
6468
6460
6500
6484
6364
6524
6352
6604
6680
6636
6700
6672
6744
6888
6796
6708
6744
6780
6952
6912
6964
6816
6924
7000
6992
6984
6984
6984
6880
7004
7100
6904
7064
7152
7176
7152
7236
7160
7404
7392
7192
7504
7460
7360
7328
7428
7504
7460
7380
7472
7464
7464
7432
7364
7248
7188
7204
7276
7112
7200
7080
7220
7112
7264
7212
7060
7208
7156
7120
7000
7196
6984
6952
7036
7036
6908
6844
6768
6852
6844
6676
6672
6720
6576
6416
6388
6272
6452
6508
6528
6376
6440
6388
6500
6300
6292
6244
6140
6216
6156
6196
6096
5984
6076
6064
5780
5764
5796
5784
5740
5708
5656
5632
5480
5448
5296
5372
5448
5276
5304
5272
5136
5180
5124
5112
5124
5048
5040
5040
4936
5052
4788
4868
4804
4808
4504
4736
4688
4536
4652
4512
4468
4392
4272
4264
4568
4268
4040
4284
4176
4104
4000
3972
3956
3956
3772
3912
3768
3628
3700
3792
3624
3792
3596
3472
3424
3184
3352
3148
3268
3232
3320
3240
3176
3200
2892
3172
2988
2980
3052
2840
2884
2852
2720
2800
2692
2588
2624
2584
2676
2464
2608
2420
2316
2372
2420
2368
2356
2376
2164
2128
2144
2228
2024
2004
2084
1796
2032
1812
1800
1816
1644
1840
1672
1664
1616
1648
1536
1480
1444
1568
1400
1284
1136
1232
1368
1232
1188
1224
1084
1100
992
1040
952
912
832
732
728
660
768
648
700
608
512
552
592
624
600
548
624
552
564
480
440
588
500
420
416
400
320
376
316
232
320
248
180
180
232
192
132
364
228
308
280
96
224
92
140
252
216
144
44
-20
228
28
56
-176
68
-36
52
-24
-188
44
-120
-44
160
-180
-40
-80
-244
-40
-28
4
-260
172
-256
-576
-1008
-636
-204
-112
-248
-204
8
-400
-208
-16
-220
-384
-352
-344
-156
-316
-276
-136
-184
-192
-240
-208
-244
-224
-200
-196
-312
-320
-360
-120
-272
-360
-160
-268
-324
-264
-340
-192
-288
-172
-208
-296
-276
-260
-192
-280
-252
-208
-292
-116
-228
-372
-268
-112
-252
-336
-288
-292
-288
-172
-160
-244
-236
-204
-292
-200
-360
-304
-244
-192
-192
-192
-304
-212
-212
-312
-312
-256
-136
-96
-60
-176
-188
-220
-404
-224
-156
-184
-168
32
-164
-344
-288
-188
-112
-216
-296
-200
-216
-72
-48
-172
-108
-236
-200
-240
-416
-356
-356
20
-72
-168
104
148
220
296
296
528
384
628
508
552
560
772
792
756
860
868
848
948
900
1056
1204
972
1100
1196
1172
1356
1300
1336
1456
1516
1540
1588
1572
1612
1612
1620
1844
1628
1732
1904
1708
1908
2020
1912
2088
2244
2184
2364
2240
2336
2276
2572
2396
2372
2656
2532
2668
2704
2840
2864
2852
2912
3064
2912
3012
3008
3152
3012
3100
3096
3172
3308
3156
3252
3284
3228
3268
3344
3504
3580
3608
3672
3468
3820
3748
3688
3940
3868
4068
3976
4000
4068
4152
4060
4360
4304
4304
4420
4504
4404
4592
4648
4580
4640
4740
4736
4792
4764
4724
4932
4732
5032
5004
5012
5072
5092
5208
5132
5272
5188
5220
5304
5344
5504
5312
5448
5432
5580
5500
5680
5648
5644
5772
5588
5688
5632
5840
5872
5796
5800
5968
5792
5992
5964
5900
5912
5984
5912
6020
5948
5968
6084
6244
6236
6212
6300
6164
6300
6256
6348
6156
6392
6372
6332
6288
6196
6404
6164
6268
6472
6632
6524
6504
6540
6688
6856
6756
6860
6864
6832
6828
6676
6844
6812
6820
7104
7136
7044
7272
7232
7304
7176
7324
7284
7088
6808
6948
7160
6836
6676
6744
6684
6616
6636
6560
6436
6616
6328
6356
6196
6220
6036
6208
5988
6124
5964
6116
5868
5872
5864
5780
5664
5668
5520
5388
5324
5280
5168
5116
5248
5060
4956
4988
4964
4740
4676
4612
4672
4608
4608
4544
4640
4424
4420
4420
4288
4164
4340
3984
4124
4072
3876
3888
3968
3772
3720
3724
3644
3488
3464
3360
3464
3392
3200
3304
3144
3172
3108
3032
3076
2956
2820
2752
2608
2504
2640
2396
2552
2488
2420
2388
2256
2180
2084
1984
2176
1992
1860
2036
1808
1868
1740
1708
1728
1584
1508
1424
1488
1208
1372
1292
1176
1164
1168
1040
1060
920
868
912
820
748
748
656
712
720
620
520
440
492
460
400
320
240
392
216
48
260
136
180
24
-104
-32
-12
-76
84
-96
-548
-340
-140
-8
136
-224
-280
-288
-28
120
-648
-1696
-1312
132
228
-492
-252
-164
-76
-44
-292
-216
-136
-252
-352
-208
-340
-232
-112
-260
-208
-280
-244
-304
-184
-52
-204
-172
-380
-156
-88
-308
-288
-304
-192
-220
-132
-160
-12
-296
-200
-92
-196
-184
-144
-232
-96
-248
-240
-316
-212
-228
-224
-296
-128
-252
-236
-236
-284
-168
-152
-276
-104
-168
-244
-124
-292
-212
-216
-216
-252
-128
-240
-260
-156
-240
-264
-248
-168
-244
-176
-244
-208
4
-220
-248
-220
-208
-212
-264
-268
-216
-128
-176
-236
-168
-236
-188
-188
-240
-176
-296
-128
-228
-160
-140
-248
-192
-236
-152
-256
-248
-304
-184
-164
-4
-276
-208
-268
-172
-196
-120
-344
-244
-188
-268
-160
-108
-144
-160
-168
-248
-168
-140
-256
-172
-228
-136
-196
-200
-208
-184
-264
-144
-184
-328
-168
-288
-240
-272
-188
-220
-60
-188
-180
-160
-188
-140
-184
-268
-208
-224
-224
-200
-196
-280
-268
-176
-236
-188
-204
-236
-60
-192
-216
-168
-196
-156
-208
-176
-140
-188
-272
-192
-196
-200
-216
-272
-292
-120
-268
-272
-240
-328
-200
-188
-260
-140
-144
-108
-268
-236
-232
-204
-148
-48
-172
-420
-264
-236
-124
-296
-28
-164
-204
-312
-176
-232
-252
-216
-88
-312
-56
-180
-304
-260
-332
-172
-132
-256
-172
-192
-200
-84
-240
-196
-160
-184
-308
-320
-212
-248
-236
-128
-156
-212
-220
-96
-160
-124
-168
-112
-220
-260
-164
-88
-156
-204
-232
-216
-68
-328
-248
-240
-212
-140
-184
-288
-200
-64
-128
-184
-44
-4
-476
-232
-252
-188
-188
-36
-208
-236
-212
-176
-228
-200
-260
-236
-224
-232
-228
-148
-144
-184
-192
-208
-256
-276
-36
-228
-124
-392
-160
-196
-212
-156
-160
-76
-196
-268
-148
-204
-188
-172
-316
-164
-132
-188
-248
-232
-240
-136
-220
-212
-276
-256
-200
-220
-252
-208
-156
-228
-180
-188
-176
-268
-208
-208
-116
-88
-168
-276
-204
-204
-268
-152
-120
-148
-148
-268
-252
-116
-228
-256
-140
-200
-244
-176
-152
-148
-256
-368
-268
-284
-200
-292
-128
-164
-220
-268
-264
-300
-224
-128
-212
-232
-284
-140
-248
-204
-104
-260
-184
-208
-168
-188
-128
-180
-152
-212
-120
-236
-220
-136
-216
-72
-184
-260
-180
-260
-220
-236
-164
-244
-264
-224
-208
-180
-248
-208
-168
-192
-192
-68
-324
-308
-240
-264
-196
-172
-232
-104
-208
-172
-264
-240
-240
-172
-188
-204
-148
-304
-240
-192
-212
-192
-308
-252
-272
-288
-236
-160
-144
-260
-140
-172
