-104
-68
-840
-128
-972
-1196
904
-136
-688
-164
-352
-212
12
-228
468
-4
-128
-36
-620
-240
-340
696
-552
-156
176
-28
-204
-116
-184
48
140
-348
104
-184
-220
-16
192
-180
-288
304
128
24
-632
-516
-264
412
224
-184
-368
-928
-508
3428
952
-28
-496
-84
876
-336
12
-96
-696
528
-516
-188
564
-184
-88
16
32
-236
4
172
-152
28
260
-60
476
-180
8
-540
-532
-280
60
-88
4
84
-280
108
68
-24
-252
56
84
-140
-36
-60
88
24
-72
168
-216
52
32
96
-200
-8
172
-212
-72
-76
-372
-276
312
192
-100
-788
-76
-604
120
268
-1196
4
-972
-52
464
-244
884
200
396
268
2756
-160
-1784
376
-684
512
-236
-96
544
-444
-40
308
328
-156
88
-212
124
124
-140
-260
176
180
-216
-244
164
-108
-112
-32
384
-104
-180
-1100
-292
2448
1140
-1296
172
1708
-696
452
416
-364
56
-208
20
-60
-176
40
100
-236
64
-68
80
-80
0
60
-280
64
-12
-264
92
4
-260
92
20
-88
32
-52
-40
60
-80
88
4
-56
60
-56
-60
8
-44
-32
24
44
16
8
-60
-40
-32
-24
-16
-4
-36
24
24
20
-48
-48
-16
12
56
0
48
4
72
84
-76
-8
28
-20
-72
36
-4
-4
-16
-8
40
4
4
-32
40
60
0
-44
0
-56
40
112
-44
64
-8
-16
-36
-16
-96
60
20
-8
16
-44
20
-16
0
-36
-84
4
-20
-48
24
80
-56
88
20
-8
16
-20
-48
-24
-8
8
-4
104
-40
8
8
-4
-28
-16
-32
16
88
108
-8
76
-84
-12
12
4
-48
-40
16
28
0
-28
-24
-72
-48
4
-4
-64
8
-32
32
-20
36
16
0
-16
-128
4
-32
-20
-8
16
-4
-48
16
-20
48
-8
28
-28
-48
-20
12
20
-12
-4
-28
-84
12
-16
-60
24
-28
12
148
492
332
32
412
-72
-1016
-172
580
-40
-144
-20
568
44
-280
80
456
100
-36
76
244
128
0
160
248
-64
-68
156
152
72
92
156
88
124
104
20
88
152
108
60
140
-88
8
16
84
204
164
-56
132
200
200
204
72
160
340
84
256
-248
-272
412
-4
-128
176
108
-320
24
296
160
220
-156
196
84
-112
-40
-164
-96
216
104
-8
52
176
140
-8
-148
116
-8
132
40
-8
196
32
-196
-120
-136
-92
-104
-128
-232
-212
-388
-328
-80
-224
-396
-600
-252
-100
-276
-620
-620
-164
-272
-856
-804
-680
-388
-900
-1032
-980
-800
-740
-992
-1088
-1068
-940
-1020
-1208
-1164
-1108
-1100
-1112
-1148
-1192
-1216
-1208
-1204
-1156
-1468
-1352
-1332
-1248
-1376
-1432
-1484
-1468
-1432
-1600
-1628
-1708
-1620
-1584
-1680
-1636
-1720
-1672
-1728
-1844
-1752
-1880
-1880
-1940
-1796
-2028
-2232
-2096
-2072
-2016
-2224
-2272
-2140
-2108
-2276
-2300
-2204
-2344
-2316
-2476
-2396
-2404
-2548
-2516
-2516
-2580
-2636
-2696
-2736
-2672
-2604
-2712
-2764
-2896
-2844
-2880
-2968
-3100
-2964
-3020
-3116
-3180
-3232
-3100
-3176
-3336
-3256
-3240
-3336
-3348
-3344
-3272
-3364
-3504
-3508
-3600
-3444
-3708
-3748
-3688
-3616
-3664
-3804
-3848
-3668
-3672
-3916
-3888
-3588
-3988
-4036
-4072
-3948
-4056
-4116
-4156
-4272
-4008
-4204
-4128
-3956
-4256
-4320
-4196
-4308
-4140
-4248
-4372
-4200
-4468
-4388
-4632
-4492
-4400
-4660
-4556
-4576
-4616
-4460
-4412
-4940
-4484
-4384
-4840
-4928
-4660
-4464
-4816
-4828
-4720
-4812
-4768
-4816
-4764
-4792
-4816
-4780
-4936
-4752
-4844
-4876
-4820
-4760
-4448
-4616
-5200
-5104
-5068
-4696
-4828
-4816
-4904
-4884
-4724
-4832
-4820
-4696
-4768
-4744
-4688
-4900
-4888
-4968
-4632
-4384
-4724
-4868
-4364
-4560
-4732
-4480
-4616
-4840
-4528
-4348
-4580
-4656
-4664
-4252
-4476
-4696
-4640
-4380
-4320
-4340
-4460
-4340
-4260
-4380
-4428
-4300
-4212
-4200
-4280
-4272
-4092
-4080
-4232
-4096
-4044
-3988
-4028
-3972
-3960
-3880
-3888
-3920
-3820
-3980
-3736
-3628
-3728
-3568
-3636
-3828
-3544
-3468
-3408
-3480
-3520
-3260
-3368
-3148
-3056
-3520
-2656
-2964
-3240
-2912
-2824
-3064
-2956
-2892
-2796
-2840
-2892
-2596
-2668
-2744
-2612
-2388
-2424
-2384
-2332
-2212
-2272
-2180
-1988
-2048
-2240
-2040
-1872
-2008
-1900
-1960
-1820
-1728
-1816
-1800
-1896
-1656
-1676
-1604
-1620
-1632
-1408
-1372
-1416
-1348
-1372
-1248
-1240
-1348
-1212
-1120
-1280
-1100
-1132
-932
-1060
-1092
-876
-932
-1000
-964
-976
-756
-856
-836
-872
-872
-752
-932
-836
-604
-620
-952
-884
-528
-580
-544
-964
-468
-432
-684
-480
-748
-368
-240
-668
-576
-512
-320
-276
-648
-184
-224
-264
-376
-428
-84
-64
-348
-384
-172
140
-184
-220
-224
-120
-4
-64
-204
-200
-104
-152
-4
-124
8
-112
120
176
84
-296
-8
324
60
-276
16
308
-44
-216
64
216
-116
160
-72
164
340
-168
16
136
-160
-72
72
92
72
-8
112
144
88
36
-76
52
80
48
52
-28
-68
220
188
40
-168
76
36
196
120
-292
196
496
120
-556
92
688
196
-392
-8
236
748
-244
-512
-24
276
168
-108
-108
112
204
40
-156
-28
76
144
164
-84
-172
196
112
176
24
-216
132
256
36
-120
-32
156
156
-256
-224
224
364
-140
-156
-28
148
116
-36
20
24
-60
-104
-4
156
-28
24
364
236
-116
-92
224
-88
-292
-348
-280
-124
-504
-548
-308
-324
-520
-808
-732
-588
-876
-932
-1172
-932
-988
-1124
-1236
-1156
-716
-632
-1092
-1284
-792
-1516
-872
-1564
-1624
-1072
-1216
-1348
-1548
-1724
-1500
-1352
-1500
-1924
-1816
-1540
-1532
-1712
-2064
-2040
-1800
-1836
-2116
-2356
-2292
-2076
-2152
-2516
-2536
-2336
-2360
-2624
-2712
-2772
-2756
-2736
-2836
-2936
-2928
-3056
-3128
-3140
-3464
-3072
-3432
-3636
-3404
-3508
-3672
-3528
-3776
-3832
-3744
-3860
-4108
-3908
-3924
-3936
-3940
-4244
-4056
-4112
-4084
-4088
-4120
-4252
-4428
-4128
-4276
-4372
-4432
-4400
-4400
-4524
-4496
-4504
-4704
-4496
-4496
-4644
-4676
-4604
-4484
-4588
-4692
-4628
-4844
-4684
-4524
-4792
-4656
-4696
-4792
-4908
-4836
-4656
-4912
-4852
-4848
-4756
-4972
-4792
-4792
-4860
-4784
-4840
-4720
-4864
-4876
-4528
-4740
-4784
-4764
-4756
-4640
-4752
-4588
-4708
-4728
-4632
-4756
-4652
-4564
-4556
-4476
-4524
-4372
-4492
-4476
-4392
-4316
-4288
-4288
-4348
-4248
-4112
-4128
-4172
-4036
-4060
-4004
-4132
-3848
-3924
-3888
-3812
-3876
-3584
-3700
-3564
-3468
-3508
-3404
-3244
-3316
-3296
-2928
-3388
-3868
-2652
-3272
-2964
-3156
-2768
-2956
-2964
-2652
-2876
-2796
-2608
-2640
-2516
-2616
-2552
-2368
-2676
-2340
-2352
-2420
-2304
-2296
-2204
-2208
-1976
-1960
-1964
-1944
-1948
-1772
-1832
-1700
-1708
-1736
-1604
-1576
-1636
-1504
-1320
-1556
-1860
-1468
-1088
-1456
-1324
-860
-1116
-1092
-1036
-900
-792
-780
-516
-828
-1040
-464
-616
-788
-572
-1140
-708
56
-408
-1188
-1140
-312
-376
-884
-588
12
20
-516
-368
112
244
-548
-4
312
-20
-244
-508
8
220
-232
-324
232
144
-292
60
272
404
-352
-60
196
-44
132
68
-108
92
4
112
-96
76
216
72
220
68
-84
12
44
136
44
68
32
8
48
76
-36
8
144
128
64
88
136
-24
80
56
28
32
44
-28
104
56
36
48
12
52
276
0
-84
228
212
136
-24
76
356
-48
-72
124
52
24
40
104
48
-24
252
148
-60
-92
128
272
48
68
60
128
136
164
72
92
156
124
68
100
112
192
128
48
32
124
112
28
56
56
184
96
76
20
104
72
4
84
80
140
100
40
72
52
92
108
4
36
148
148
24
28
104
112
80
80
72
128
116
64
52
120
64
120
144
80
28
264
72
-112
132
36
52
-4
104
140
-112
-192
368
96
-248
-100
376
104
-300
96
336
72
-116
-332
64
-356
-444
-260
-480
-528
-752
-552
-396
-620
-736
-624
-660
-640
-932
-840
-836
-832
-1072
-1188
-1060
-1172
-1248
-1332
-1324
-1396
-1488
-1492
-1432
-1540
-1700
-1764
-1732
-1804
-1864
-1864
-1780
-1780
-2024
-2084
-1960
-1960
-2044
-2140
-2072
-2136
-2100
-2340
-2408
-2236
-2400
-2232
-2544
-2528
-2388
-2448
-2864
-2768
-2436
-2816
-2872
-2824
-3008
-2792
-2860
-3132
-2984
-3040
-2976
-3356
-3252
-3032
-3540
-3336
-3480
-3420
-3508
-3616
-3620
-3668
-3432
-4124
-3468
-3944
-3712
-3832
-4024
-3960
-3912
-4032
-3948
-4188
-4180
-4252
-4244
-4012
-4536
-4280
-4356
-4512
-4344
-4680
-4892
-4536
-4592
-4664
-4748
-4684
-4680
-4636
-4848
-4732
-4744
-4776
-4700
-4784
-4740
-5008
-4956
-5028
-4840
-4944
-4996
-4780
-5212
-4976
-4996
-4720
-4856
-4788
-4764
