-238
-219
-189
-226
-187
-185
-166
-130
-96
-100
-111
-75
-78
-62
-53
-77
-96
-109
-107
-135
-105
-96
-109
-97
-96
-95
-122
-110
-140
-125
-101
-114
-114
-106
-112
-96
-97
-64
-78
-65
-49
-19
-13
-33
-31
-6
25
-40
-43
-30
-27
-55
-81
-86
-114
-135
-89
-131
-108
-108
-125
-145
-97
-120
-122
-97
-121
-113
-126
-121
-122
-108
-118
-91
-108
-97
-120
-140
-140
-151
-153
-162
-165
-135
-173
-153
-157
-197
88
-204
26
-180
-70
-82
-115
-120
-118
-97
-124
-124
-129
-92
-126
-118
-105
-101
-117
-100
-94
-106
-125
-117
-117
-115
-113
-93
-94
-113
-121
-122
-100
-133
-116
-112
-114
-104
-112
-124
-105
-102
-117
-122
-145
-123
-105
-124
-134
-130
-144
-105
-158
-134
-139
-102
-88
-115
-99
-105
-113
-119
-111
-121
-112
-116
-104
-88
-107
-117
-112
-139
-180
-119
-117
-159
-108
-122
-112
-109
-148
-65
-75
-86
-96
-131
-102
-191
-142
5
19
-253
-191
-54
-143
-100
-78
-88
-64
-148
-194
-103
-105
-121
-113
-111
-114
-123
-113
-111
-101
-116
-117
-164
-139
-113
-138
-88
-126
-129
-128
-126
-134
-125
-145
-159
-119
-116
-119
-101
-109
-118
-120
-121
-112
-108
-97
-97
-124
-125
-122
-108
-145
-105
-82
-102
-61
-36
-11
18
48
60
79
89
103
131
105
113
102
111
103
98
94
61
34
-7
-36
-90
-112
-105
-116
-129
-106
-103
-105
-117
-117
-97
-130
-132
-105
-107
-99
-111
-111
-106
-110
-121
-120
-130
-127
-110
-116
-121
-116
-109
-114
-125
-111
-119
-115
-109
-115
-117
-122
-113
-130
-147
-114
-129
-121
-102
-118
-123
-117
-118
-126
-126
-111
-145
-136
-106
-112
-127
-103
-106
-114
-122
-119
-109
-107
-111
-121
-106
-109
-121
-124
-114
-106
-118
-123
-108
-116
-128
-128
-116
-112
-110
-114
-126
-108
-122
-118
-116
-111
-113
-118
-127
-120
-113
-115
-123
-124
-115
-129
-103
-135
-98
-124
-91
-113
-108
-81
-20
-36
64
-150
-68
-183
-64
-133
-132
-108
-127
-136
-106
-124
-107
-128
-123
-122
-117
-116
-107
-145
-93
-114
-117
-115
-111
-90
-109
-132
-99
-124
-111
-112
-123
-108
-105
-114
-126
-119
-115
-118
-112
-124
-127
-162
-141
-177
-227
-271
-246
-92
-139
-182
-120
-120
-161
-148
-146
-151
-129
-132
-154
-128
-136
-142
-139
-116
-127
-135
-119
-139
-125
-133
-137
-157
-122
-119
-148
-118
-140
-146
-111
-132
-146
-125
-134
-125
-128
-128
-124
-456
-169
-99
-123
-111
-133
-146
-138
-146
-144
-154
-158
-163
-198
-206
-211
-230
-253
-267
-299
-323
-318
-296
-272
-266
-284
-273
-265
-283
-256
-288
-298
-308
-334
-337
-343
-369
-359
-348
-347
-364
-363
-365
-391
-393
-392
-389
-386
-382
-394
-389
-392
-382
-350
-341
-355
-362
-356
-358
-373
-418
-396
-413
-424
-416
-434
-446
-458
-482
-481
-478
-492
-487
-495
-504
-471
-465
-467
-466
-511
-517
-527
-528
-557
-569
-546
-540
-554
-539
-509
-497
-491
-487
-471
-475
-491
-486
-480
-463
-475
-489
-481
-473
-446
-457
-442
-425
-430
-412
-407
-409
-405
-423
-423
-440
-455
-463
-467
-500
-496
-516
-524
-552
-560
-544
-538
-523
-515
-493
-493
-459
-443
-418
-420
-445
-446
-446
-439
-469
-470
-463
-479
-469
-453
-465
-431
-432
-435
-434
-442
-438
-431
-461
-480
-488
-529
-526
-508
-495
-488
-484
-469
-489
-513
-516
-527
-523
-547
-578
-570
-585
-606
-614
-612
-637
-638
-635
-644
-618
-640
-634
-626
-596
-592
-574
-585
-591
-558
-557
-538
-519
-515
-528
-499
-486
-492
-484
-492
-431
-405
-406
-403
-401
-387
-355
-334
-314
-308
-320
-335
-360
-358
-358
-380
-401
-436
-444
-461
-464
-518
-551
-558
-577
-603
-576
-572
-586
-584
-588
-566
-561
-551
-533
-530
-497
-493
-477
-473
-452
-450
-442
-436
-452
-429
-444
-447
-441
-446
-448
-462
-462
-489
-509
-532
-515
-525
-539
-543
-522
-530
-531
-505
-530
-425
-456
-423
-439
-406
-375
-361
-373
-372
-380
-376
-407
-434
-452
-462
-463
-473
-476
-486
-494
-474
-462
-443
-432
-423
-420
-420
-421
-426
-419
-377
-343
-359
-351
-352
-351
-327
-314
-286
-230
-166
-84
-43
31
75
117
162
211
262
300
310
296
293
269
240
242
227
207
231
180
138
135
113
119
130
162
188
206
250
265
259
272
281
287
284
285
281
291
285
282
311
302
273
254
235
217
215
188
179
156
146
179
206
230
292
277
277
307
284
298
277
281
321
358
361
394
401
392
378
378
377
367
388
393
401
445
484
514
551
585
603
612
609
594
625
623
640
646
645
674
678
694
731
750
802
794
810
814
824
774
770
747
773
755
742
795
815
817
835
866
892
926
889
902
891
844
850
801
790
781
748
729
709
746
771
757
730
700
690
673
657
656
632
609
582
531
524
466
447
397
353
339
310
242
177
122
94
111
81
105
118
129
103
94
77
52
54
48
97
98
124
126
119
165
139
127
137
71
66
34
-8
27
-13
2
19
-28
-9
19
17
73
47
38
37
-4
-85
-116
-144
-161
-199
-195
-172
-190
-81
-90
-58
18
63
23
-1
16
-15
-15
3
31
12
19
38
32
44
107
99
107
118
132
74
64
27
17
-3
-12
-1
7
4
17
10
1
9
46
20
62
-37
-155
-137
-73
-69
9
66
88
134
37
26
-63
-78
-88
-46
-73
-64
291
394
412
254
30
-240
-155
-21
-45
-127
-133
-100
-85
-63
-50
-70
-70
-25
5
34
71
37
-176
-103
-114
-127
-110
-114
-124
-115
-123
-112
-96
-119
-108
-120
-117
-115
-125
-114
-127
-108
-117
-111
-116
-92
-112
-114
-112
-112
-119
-120
-104
-113
-124
-133
-109
-118
-101
-115
-119
-131
-132
-117
-117
-112
-131
-143
-126
-133
-152
-139
-125
-143
-138
-129
-134
-159
-150
-162
-200
-214
-176
-160
-198
-210
-192
-77
-146
-185
-190
-147
-133
-167
-171
-178
-186
-183
-200
-235
-299
-355
-443
-550
-623
-695
-748
-756
-771
-757
-715
-692
-696
-684
-672
-683
-689
-723
-747
-769
-752
-752
-767
-724
-685
-713
-735
-748
-767
-758
-780
-801
-840
-853
-864
-887
-915
-927
-958
-935
-966
-943
-921
-937
-938
-976
-1015
-1030
-1011
-1027
-1045
-1019
-1005
-964
-939
-921
-888
-887
-895
-919
-917
-889
-873
-891
-857
-835
-795
-780
-769
-753
-741
-737
-740
-763
-807
-832
-848
-865
-847
-859
-902
-884
-908
-868
-893
-837
-866
-824
-852
-827
-815
-801
-782
-770
-783
-759
-734
-741
-751
-752
-706
-694
-681
-629
-648
-624
-611
-561
-549
-505
-484
-462
-456
-452
-454
-459
-450
-453
-503
-502
-528
-553
-554
-575
-562
-553
-537
-537
-507
-502
-484
-507
-512
-531
-533
-519
-477
-479
-488
-490
-485
-478
-495
-510
-525
-537
-598
-637
-661
-676
-664
-656
-664
-621
-615
-581
-541
-504
-461
-441
-419
-367
-346
-307
-261
-273
-271
-311
-342
-366
-408
-466
-469
-509
-533
-527
-515
-530
-538
-516
-513
-500
-457
-444
-436
-411
-399
-378
-362
-306
-307
-336
-338
-333
-355
-346
-397
-421
-399
-410
-417
-404
-362
-360
-349
-317
-260
-237
-209
-193
-191
-138
-141
-131
-83
-61
-54
-48
-12
-3
-1
-16
-33
-28
-62
-86
-64
-83
-90
-94
-99
-88
-82
-72
-57
-43
-61
-37
-12
-10
10
17
17
61
82
80
93
90
65
54
53
52
48
27
61
77
117
124
178
202
225
249
272
266
260
253
259
259
238
227
236
213
211
229
240
259
310
363
422
477
541
602
651
710
766
822
826
835
817
804
775
740
671
663
594
559
546
481
468
419
395
386
339
333
324
314
331
372
337
349
277
269
235
171
149
122
28
38
15
6
-10
-29
9
5
23
27
9
31
7
254
-21
-48
-35
-60
-59
-63
-68
-37
248
-14
-253
16
2
43
42
57
80
98
126
200
163
159
188
178
195
248
291
348
378
388
436
412
460
446
476
490
494
528
592
629
650
674
706
695
698
666
683
717
738
750
756
785
844
862
892
900
914
947
958
937
911
902
889
876
865
853
867
877
