36
36
40
60
60
63
73
30
-34
27
71
58
40
27
41
51
34
35
42
49
44
46
33
39
28
52
43
32
36
44
35
40
40
41
40
32
42
43
30
28
38
50
57
37
42
35
47
39
36
35
42
49
46
37
39
50
43
39
39
43
30
48
44
47
36
28
39
47
34
39
42
42
50
44
20
43
52
44
31
34
47
40
40
46
34
40
31
36
43
36
43
51
42
44
41
27
45
38
31
35
47
42
48
41
36
39
45
51
54
38
54
47
29
40
38
35
34
35
28
36
43
40
45
33
47
46
50
39
46
48
44
34
34
42
42
45
33
39
54
52
47
25
27
46
57
38
36
34
27
38
38
36
40
54
35
35
42
47
41
52
36
31
33
35
33
41
44
42
57
35
43
37
41
61
35
38
43
43
39
42
32
37
40
39
37
33
44
45
42
35
38
54
39
35
39
38
31
53
44
37
33
37
47
35
50
50
32
39
43
32
33
52
40
41
37
45
40
30
51
35
28
47
31
39
34
41
40
41
44
47
44
29
33
31
43
49
46
38
45
46
44
48
42
39
43
44
47
36
42
37
38
37
50
53
36
48
28
38
40
48
37
43
36
35
35
37
42
34
42
32
35
32
41
41
30
37
44
42
32
38
39
50
39
34
43
35
54
53
51
36
36
32
42
34
32
41
36
39
36
37
43
29
39
32
41
43
41
46
44
36
39
31
40
41
26
47
40
43
38
40
36
39
38
49
32
36
35
42
35
53
52
36
51
35
32
45
44
44
28
43
39
43
38
37
43
27
38
40
41
41
46
30
41
40
33
36
41
37
38
41
39
38
45
42
37
38
45
40
36
40
47
43
38
53
43
34
29
38
40
39
47
42
47
39
35
19
33
35
49
39
30
31
47
49
40
40
43
50
48
43
29
29
54
46
40
33
37
27
56
38
36
41
43
39
40
35
46
38
54
44
26
35
29
27
37
37
32
34
38
44
39
44
35
48
45
39
34
32
40
43
36
33
34
37
31
36
50
33
32
39
31
44
43
47
40
34
24
52
38
40
38
46
41
53
35
38
33
41
36
46
40
36
42
45
52
43
34
32
28
30
45
41
49
49
29
30
43
52
28
50
48
40
31
49
44
44
42
43
31
40
34
47
42
36
39
35
64
40
48
50
52
37
28
45
40
31
46
53
32
37
41
45
40
42
49
28
39
44
36
47
43
42
40
47
43
57
36
29
43
41
39
35
35
41
51
38
37
38
35
41
37
35
39
32
38
44
38
33
45
33
39
35
42
40
38
37
30
41
35
45
33
34
44
43
48
38
45
43
34
33
27
29
47
39
37
37
41
37
52
33
27
44
38
45
33
46
43
41
40
44
36
35
44
41
43
37
36
41
42
40
27
38
45
51
32
39
34
44
51
38
41
33
37
37
42
45
36
43
34
32
42
37
43
37
30
27
51
48
38
34
31
44
39
48
37
36
35
46
43
34
42
46
43
41
36
34
46
48
37
48
36
45
42
40
33
40
53
43
35
37
35
46
37
41
32
38
37
47
42
40
38
34
45
38
25
40
45
34
32
51
44
35
43
24
46
48
57
35
33
38
48
35
39
42
37
39
40
47
42
36
48
33
37
32
50
39
42
44
32
41
52
43
44
49
38
41
38
41
49
32
37
41
29
36
48
34
29
30
39
42
35
33
33
37
40
45
41
29
36
43
50
52
35
34
40
44
46
29
31
42
33
44
30
50
42
33
42
39
38
47
42
31
45
44
26
43
50
41
38
37
36
38
33
47
34
36
37
47
33
35
60
44
41
30
39
44
47
31
45
37
49
30
47
29
47
41
26
20
44
44
41
26
45
39
38
42
44
31
45
47
38
36
41
43
41
37
43
38
34
37
39
35
47
37
41
32
36
36
33
44
44
34
33
36
37
54
48
45
35
31
40
34
38
43
39
35
39
45
45
49
40
37
41
36
38
39
31
41
34
36
41
41
39
31
44
26
38
43
48
36
48
32
35
49
42
38
47
40
38
49
35
39
46
46
42
34
46
36
50
46
30
31
27
39
38
40
40
51
30
37
41
28
32
42
35
40
29
37
37
36
45
44
30
41
27
35
41
37
39
40
39
55
40
37
42
44
39
35
48
39
46
48
37
40
45
39
45
42
34
41
28
40
35
43
47
39
34
33
47
47
43
47
45
48
44
49
42
41
34
48
35
36
45
35
41
26
44
31
32
29
34
31
44
52
40
34
49
50
44
30
30
32
42
35
30
46
50
29
34
29
36
39
45
23
27
39
44
43
36
35
27
47
47
44
40
37
34
50
43
42
39
43
39
34
43
42
37
44
44
40
50
37
43
40
36
48
43
39
19
53
45
44
35
33
42
35
41
43
42
45
31
33
36
42
39
46
40
38
46
37
39
40
42
43
41
31
34
43
38
33
40
37
43
34
45
55
48
47
33
31
34
36
45
41
36
35
39
48
43
46
26
55
41
42
40
33
37
39
40
41
47
37
35
38
42
43
41
31
29
59
43
37
28
45
40
25
29
42
44
24
30
48
42
44
54
48
40
35
38
33
49
37
35
30
36
37
35
33
40
47
47
43
48
56
51
38
34
36
47
34
51
49
35
47
42
40
36
50
48
53
42
43
37
44
47
42
38
46
32
34
42
38
51
28
40
25
43
46
53
37
40
29
39
46
41
38
35
21
39
52
46
38
38
38
50
42
36
41
43
36
49
52
41
38
41
39
35
43
54
43
54
34
45
46
52
41
32
45
32
38
31
42
46
46
28
33
40
46
41
40
34
34
38
43
39
32
36
35
38
36
31
40
48
43
29
41
37
30
54
34
52
39
26
34
32
41
47
34
38
47
48
39
48
44
36
43
32
39
42
39
43
39
47
37
36
41
34
43
47
35
40
39
27
41
43
38
38
45
39
37
38
37
36
30
48
42
47
55
38
35
43
33
21
44
53
51
39
44
31
43
42
56
45
41
31
39
34
35
43
40
39
41
44
52
42
43
51
37
29
36
30
39
36
41
33
31
30
41
43
35
36
34
41
35
33
51
44
35
37
37
39
43
50
35
30
46
35
38
38
39
27
51
38
49
53
47
36
47
44
51
37
45
38
48
35
26
44
44
46
29
26
37
42
35
40
48
37
44
36
42
40
36
45
40
32
50
42
43
38
47
50
44
35
34
38
40
44
45
38
39
43
30
38
55
40
32
45
42
32
35
38
37
41
37
31
38
35
34
35
45
44
37
35
47
43
46
41
36
29
44
41
42
34
50
53
44
43
37
32
52
39
36
45
42
56
34
35
36
40
33
66
34
29
52
36
34
42
43
42
35
34
33
43
45
41
31
42
25
36
32
46
53
37
33
34
48
48
47
43
34
42
36
51
39
35
42
39
48
41
49
