16768
16684
16784
16740
16808
16992
16984
16848
16784
16632
16744
16436
16376
16348
16400
16472
16464
16632
16740
17012
16864
16852
16844
16844
16632
16460
16736
16556
16688
16772
16856
16852
16796
16596
16588
16664
16572
16512
16732
16768
16552
16684
16908
16864
16928
16800
16824
16716
16748
16688
16816
16732
16580
16544
16520
16604
16792
17052
17216
17068
17244
17468
17564
17396
17224
16808
16164
16668
16940
16856
16640
16720
16976
17004
16528
16644
16712
16828
16764
16612
16876
16796
16652
16484
16744
16752
16692
16760
16668
16668
16656
16648
16604
16520
16596
16808
17028
16880
16668
16596
16748
16800
16216
16844
16856
16564
16756
16648
16728
16624
16744
16712
16780
16680
16756
16728
16740
16708
16768
16752
16756
16760
16604
16720
16704
16680
16756
16692
16680
16696
16740
16700
16692
16676
16704
16660
16636
16724
16724
16700
16660
16652
16692
16732
16676
16636
16652
16720
16760
16728
16680
16708
16704
16716
16784
16688
16664
16704
16704
16688
16720
16716
16708
16664
16648
16772
16732
16716
16736
16708
16728
16732
16764
16640
16708
16700
16660
16712
16744
16712
16688
16664
16692
16660
16696
16804
16744
16716
16744
16736
16780
16712
16744
16812
16696
16732
16748
16712
16680
16720
16708
16684
16748
16696
16740
16688
16696
16708
16680
16708
16764
16756
16736
16684
16640
16756
16732
16804
16724
16672
16712
16712
16736
16696
16656
16660
16732
16704
16708
16732
16772
16696
16772
16676
16696
16664
16676
16732
16652
16684
16776
16700
16708
16748
16736
16740
16784
16700
16708
16756
16720
16656
16744
16664
16696
16680
16628
16672
16676
16688
16808
16740
16688
16720
16748
16752
16708
16640
16688
16672
16676
16784
16704
16728
16664
16716
16688
16736
16788
16692
16644
16688
16708
16704
16720
16696
16732
16740
16680
16684
16696
16716
16740
16688
16680
16788
16684
16680
16676
16680
16748
16780
16792
16668
16712
16652
16660
16800
16696
16676
16728
16756
16728
16648
16664
16764
16700
16728
16696
16696
16744
16684
16704
16720
16720
16700
16652
16704
16756
16728
16672
16696
16680
16716
16692
16676
16756
16724
16700
16728
16684
16712
16688
16736
16616
16780
16740
16696
16664
16704
16672
16628
16636
17128
16704
16352
16812
16924
16544
16532
16860
16788
16888
16624
16772
16776
16644
16796
16720
16704
16720
16704
16840
16708
16676
16732
16720
16772
16672
16676
16700
16684
16804
16828
16684
16680
16620
16736
16712
16752
16684
16696
16700
16684
16676
16712
16676
16808
16784
16520
16672
16780
16872
18056
18712
14900
13776
18292
17240
16356
16592
16588
17468
16768
16428
16512
17028
16896
16648
16644
16992
16852
17048
17492
17432
18048
18240
17796
17736
17072
17072
16920
16952
17092
17060
17016
16664
16736
16624
16736
16624
16548
16716
16500
16452
16372
16276
16428
16560
16388
16324
16356
16512
16540
16500
16524
16656
16736
16740
16648
16840
17044
16788
16800
16588
16664
16500
16488
16368
16188
16204
16112
16100
16184
16104
16172
16048
15972
16080
16068
16204
16200
16332
16320
15940
16544
16440
16476
16452
16496
16588
16436
16464
16508
16640
16308
16312
16204
16340
16368
16192
16424
16088
16236
15896
15964
16064
15752
15800
15760
15796
15592
15760
15416
15444
15316
15672
15828
15916
16056
15904
16104
16048
15972
16204
15960
16120
16352
16164
16100
15996
15708
16048
15740
15636
15612
15848
15796
15604
15668
15556
15456
15572
15456
15328
15676
15720
15644
15740
15688
15680
15876
15864
15908
15948
15816
15348
15712
15840
15728
15824
15676
15440
15464
15508
15456
15520
15704
15492
15468
15352
15164
15396
15344
15364
15596
15580
15540
15552
15404
15364
15328
15288
15148
15136
15276
15396
15384
15372
15444
15440
15248
15480
15564
15332
15116
15272
15312
15420
15480
15208
15100
15208
15276
15192
15116
14964
14704
14800
14644
14832
14824
15072
15064
15224
15132
15224
15456
15320
15060
14928
14936
15076
14984
15120
14984
15184
15040
15048
14864
14684
14724
14956
14920
14668
14592
14612
14856
14564
14460
14396
14420
14360
14168
14332
14256
14252
14404
14596
14568
14680
14712
14972
14860
15040
14832
14876
14924
14924
14892
14772
14756
14776
14832
14872
14968
14884
14900
14740
14876
14892
14848
14868
14812
14816
14776
15000
14792
14964
15028
15088
15296
15480
15580
15468
15220
15176
15136
15048
14836
14744
14952
15348
15432
15148
15304
15284
15348
15152
15008
15028
15052
15236
15512
15524
15660
15860
15492
15388
15384
15296
15128
15360
15272
15292
15604
15416
15392
15500
15524
15612
15928
15852
15812
15488
15400
15236
15332
15696
15692
15564
15536
15476
15624
15580
15716
15532
15540
15228
15008
15116
15016
15148
15304
15348
15380
15508
15760
16240
16648
16476
16504
15884
15700
15372
15364
15340
15420
15576
15636
15792
15764
16040
16124
15932
15820
15872
15832
15988
16064
16104
16200
16304
16296
16188
16148
16008
15968
15920
15732
15752
15876
16024
16200
16220
16336
16380
16596
16432
16424
16672
16608
16732
16536
16568
16448
16452
16376
16248
16376
16516
16464
16444
16168
16364
16412
16564
16604
16556
16464
16384
16508
16228
16624
16260
16392
16416
16452
16536
16532
16552
16516
16712
16692
16788
16692
16672
16612
16516
16504
16712
16656
16828
16824
17092
17052
17108
17136
17224
17068
17080
16836
16832
16764
16784
16960
17056
17252
17388
17232
17220
17496
17668
17480
17216
16780
16376
16932
16656
16580
16880
17016
16608
16600
16980
16760
16652
16692
16672
16848
16732
16668
16580
16700
16632
16752
16872
16876
16636
16596
16592
16716
16936
16876
16644
16584
16684
16772
16744
16708
16608
16716
16784
16648
16832
16600
16848
16728
16644
16684
16688
16724
16724
16692
16668
16644
16696
16696
16732
16684
16680
16688
16728
16756
16708
16708
16724
16676
16664
16716
16756
16708
16668
16692
16680
16784
16724
16772
16680
16776
16708
16728
16728
16816
16692
16704
16632
16856
16696
16764
16676
16672
16816
16688
16692
16700
16656
16744
16640
16812
16688
16652
16780
16684
16724
16660
16692
16744
16692
16676
16692
16760
16720
16688
16832
16800
16660
16708
16700
16668
16688
16728
16724
16700
16752
16736
16756
16696
16656
16748
16644
16764
16708
16728
16724
16688
16744
16672
16708
16704
16724
16816
16724
16688
16760
16732
16640
16732
16744
16740
16788
16768
16800
16796
16936
17168
16996
16192
16208
16808
16956
16580
16232
16776
17220
16792
16528
16256
16820
17200
16960
16728
17008
17168
17664
17868
18064
17852
17036
16844
16848
16540
16608
16348
16296
16240
16392
16932
17220
17132
16996
17076
17136
17076
16824
16692
16524
16652
16712
16624
16384
16588
16876
16692
16556
16668
16912
17044
17052
17040
16952
16436
16532
16624
16544
16512
16372
16504
16288
16480
16624
16472
16588
16512
16420
16540
16424
16688
16568
16544
16568
16280
16508
16328
16236
16284
16276
16156
16068
15992
16000
16160
16140
16084
16020
16036
16104
16176
16212
16104
16208
16156
16148
15972
16036
16024
16272
16120
15812
15732
15504
15532
15676
15744
15740
15668
15776
15632
15620
15636
15720
15828
15708
15624
15688
15500
15584
15452
15416
15280
15232
15304
15168
15268
15280
15128
14992
14784
14844
14800
14516
14872
14780
14844
14824
14772
14916
15032
14968
14944
15080
15140
14888
14492
14520
14744
14712
14616
14388
14232
14568
14456
14344
14748
14840
14676
14992
15096
15036
15076
15016
14980
14704
14604
14524
14448
14484
14232
14232
14224
14356
14276
14300
14336
14440
14712
14864
14684
14696
14808
14648
14436
14524
14424
14320
14308
14120
14032
14140
14264
14220
14600
14464
14476
14656
14892
14804
14752
14696
14692
14560
14512
14372
14176
14184
14220
14188
14188
14296
14500
14676
14676
14776
14564
14440
14344
14292
14352
14648
14932
15092
15100
14968
14976
14816
14684
14672
14876
14856
15080
15280
15396
15568
15608
15504
15472
15224
15124
14992
15020
15064
15388
15376
15456
15500
15708
15820
15556
15452
15388
15304
15180
15152
15132
15268
15312
15476
15424
15488
15596
15592
15448
15436
15096
15012
14988
14692
14876
14936
15016
15320
15476
15824
16088
16212
15920
15776
15652
15640
15448
15440
15500
15624
15784
15924
16112
16228
16176
16216
16356
16288
16384
16500
16172
16324
16168
16068
15920
16128
16348
16256
16268
16620
16820
16868
16884
16804
16912
16784
16916
16968
16896
16876
16860
16936
16752
16748
16812
16856
17032
17004
17104
17276
17276
17064
16900
16784
16804
16712
16612
16684
16752
16820
16520
16600
16680
16648
16788
16808
16968
16788
16776
16796
16504
16440
16704
16708
16788
16628
16748
16824
16716
16856
16832
17000
16880
16760
16600
16364
16248
16064
15940
15920
16052
16548
17704
21432
17676
13080
18660
16792
16216
16972
16604
16524
17244
16900
16532
16652
16888
16592
16808
16896
16656
16404
16752
16700
16728
16804
16748
16704
16688
16744
16768
16716
16732
16760
16676
16732
16644
16696
16888
16844
16840
16724
16732
16644
16700
16784
16652
16668
16712
16720
16748
16696
16756
16768
16712
16684
16776
16792
16676
16776
16728
16684
16816
16712
16748
16656
16728
16732
16672
16664
16736
16776
16760
16696
16740
16728
16612
16732
16712
16700
16800
16696
16728
16664
16684
16740
16676
16668
16772
16716
16680
16708
16692
16716
16684
16716
16740
16788
16708
16708
16708
16708
16744
16724
16712
16672
16732
16748
16680
16724
16660
16708
16728
16652
16748
16732
16748
16776
16732
16692
16716
16712
16748
16708
16736
16668
16700
