-15856
-15756
-15772
-15852
-16072
-16076
-16148
-16156
-16380
-16504
-16488
-16348
-16480
-16320
-16284
-16188
-16292
-16380
-16568
-16556
-16492
-16328
-16416
-16372
-16284
-16376
-16196
-15932
-15852
-15880
-15908
-16000
-16040
-15984
-15972
-16100
-16224
-16324
-16388
-16464
-16320
-16332
-16060
-16052
-16072
-16036
-16080
-16164
-16156
-16216
-16324
-16444
-16532
-16520
-16500
-16520
-16444
-16056
-15576
-15608
-16044
-16296
-17216
-17828
-16224
-16032
-15504
-15380
-15668
-16080
-16288
-16168
-16556
-16272
-16060
-15400
-15788
-16160
-16436
-16024
-15964
-16052
-15980
-16096
-16464
-16228
-16228
-16208
-16048
-16040
-16284
-16372
-16648
-16484
-16352
-16140
-16052
-16280
-15876
-15932
-16356
-16356
-15992
-15732
-15868
-15864
-15712
-15760
-15960
-16056
-15972
-15668
-15416
-15120
-15360
-15744
-15832
-15696
-15864
-15984
-16140
-16172
-16216
-16044
-16268
-17328
-18160
-16520
-15624
-15900
-15888
-16440
-16668
-16288
-15580
-15472
-15248
-15932
-16524
-17024
-14968
-16820
-15896
-15960
-15884
-16444
-16348
-15948
-16292
-17360
-17396
-16284
-15672
-14844
-14508
-14720
-14796
-14908
-15444
-16076
-16816
-17452
-17372
-16580
-15648
-15500
-15408
-15596
-16356
-15772
-15260
-15800
-16324
-16160
-16932
-16952
-16896
-16480
-16240
-16292
-15644
-15812
-15972
-16020
-15896
-15832
-16132
-16976
-16856
-16588
-16476
-16284
-16144
-16112
-16120
-16168
-16172
-16116
-16036
-16096
-16004
-16036
-16156
-15972
-16140
-16124
-16208
-16132
-16012
-15996
-15992
-15652
-16464
-17520
-16552
-16236
-16156
-16084
-15988
-16100
-16080
-16024
-16040
-15792
-16076
-16136
-16092
-16100
-16100
-16232
-16100
-16016
-16072
-16096
-16076
-16068
-16120
-16172
-16084
-16212
-16104
-16092
-16144
-16104
-16084
-16056
-16112
-15992
-16184
-16020
-16128
-16060
-16120
-16128
-16168
-16140
-16036
-15988
-16084
-16144
-16104
-16028
-16064
-16012
-16100
-15988
-16072
-16148
-16116
-16116
-16084
-16036
-16032
-16044
-16076
-16112
-16092
-16104
-16056
-16096
-16068
-16088
-16044
-16096
-16060
-16068
-16064
-16096
-16060
-16116
-16100
-16132
-16116
-16052
-16060
-16052
-16152
-16140
-16096
-16096
-16076
-16044
-16104
-16084
-16172
-16056
-16064
-16060
-16096
-16100
-16060
-16092
-16112
-16112
-16012
-16028
-16068
-16000
-16052
-16124
-16096
-16092
-16112
-16108
-16160
-16056
-16052
-16080
-16096
-16128
-16032
-16048
-16088
-16116
-16116
-16060
-16040
-16064
-16032
-16148
-16124
-16104
-16156
-16012
-16036
-16040
-16112
-16120
-16096
-16100
-16108
-16140
-15928
-16088
-16036
-16060
-15964
-16008
-16052
-16060
-16012
-16184
-16064
-16092
-16064
-16080
-16028
-16116
-16052
-16136
-16132
-16044
-16156
-16024
-16020
-16036
-15984
-15972
-16100
-15996
-16096
-16080
-16140
-16208
-16108
-16176
-16072
-16060
-16064
-16052
-16076
-16156
-16088
-16072
-16032
-16060
-16032
-16108
-16144
-16036
-16152
-16000
-15956
-16176
-16076
-16216
-16408
-16676
-15048
-15364
-16536
-15980
-16456
-15912
-16140
-15924
-16120
-16072
-16092
-15996
-16036
-16148
-16128
-16216
-15912
-15856
-16160
-16244
-16040
-15964
-16040
-16136
-16184
-16068
-16096
-16112
-16148
-15948
-15944
-16088
-16152
-16140
-16232
-16260
-16268
-16404
-16484
-16492
-16588
-16476
-16536
-16484
-16304
-16160
-16004
-15900
-15968
-15900
-15904
-16000
-16108
-16176
-16128
-16156
-16244
-16264
-16248
-16344
-16384
-16360
-16372
-16276
-16196
-16040
-15900
-15860
-15796
-16024
-16108
-16020
-15964
-16052
-16256
-16200
-16064
-16060
-16132
-16188
-16144
-16160
-16100
-16060
-16168
-16124
-16176
-16092
-15860
-15888
-15888
-16100
-15920
-15996
-16008
-15968
-15948
-16004
-16124
-15980
-15980
-16008
-16144
-16000
-15880
-15856
-15940
-16024
-15960
-15948
-15844
-15720
-15676
-15864
-15848
-15864
-15756
-15540
-15652
-15812
-15792
-15780
-15736
-15776
-15856
-15668
-15872
-15944
-15892
-15900
-15984
-16372
-16384
-16308
-16056
-15924
-15660
-15644
-15540
-15588
-15656
-15764
-15740
-15624
-15644
-15660
-15628
-15792
-15720
-15656
-15708
-15808
-15776
-15740
-15640
-15580
-15512
-15468
-15608
-15628
-15592
-15448
-15416
-15632
-15696
-15588
-15540
-15616
-15704
-15596
-15456
-15464
-15792
-15660
-15548
-15456
-15464
-15532
-15380
-15336
-15644
-15692
-15672
-15404
-15400
-15460
-15456
-15436
-15340
-15216
-15160
-15052
-14892
-14920
-14960
-15032
-15092
-15028
-15068
-15200
-15200
-15172
-15116
-15008
-14968
-14868
-14884
-15068
-15048
-15072
-15124
-15020
-15040
-15112
-15236
-15236
-15296
-15212
-15016
-14952
-15000
-14908
-14884
-14968
-14644
-14892
-14744
-14712
-14624
-14848
-14480
-14620
-14568
-14848
-14692
-14616
-14584
-14748
-14808
-14808
-14596
-14904
-14852
-14760
-14668
-14536
-14556
-14436
-14224
-14464
-14500
-14408
-14472
-14508
-14524
-14512
-14452
-14576
-14496
-14480
-14376
-14284
-14148
-14220
-14148
-13888
-13856
-13964
-14152
-14212
-14256
-14232
-14240
-14220
-14192
-14148
-14172
-14160
-14200
-14184
-14268
-14256
-14120
-14132
-14152
-14048
-14072
-14004
-13948
-13848
-13908
-13936
-13920
-13812
-13812
-13812
-13916
-13952
-13900
-13792
-13548
-13640
-13776
-13732
-13796
-13524
-13400
-13540
-13576
-13700
-13772
-13660
-13712
-13572
-13548
-13636
-13636
-13712
-13552
-13536
-13604
-13496
-13384
-13188
-13096
-13136
-13136
-13400
-13164
-13104
-13176
-13300
-13228
-13096
-13244
-13060
-12848
-12688
-12704
-12724
-12548
-12716
-12760
-12812
-12916
-13188
-13248
-13348
-13272
-13200
-13156
-13312
-13348
-13400
-13312
-13424
-13484
-13536
-13496
-13604
-13592
-13580
-13548
-13408
-13392
-13348
-13388
-13432
-13452
-13268
-13352
-13548
-13524
-13508
-13512
-13772
-13852
-13732
-13560
-13820
-13900
-13988
-13884
-13928
-13952
-13860
-13776
-13896
-14132
-14180
-14240
-14152
-14032
-13996
-14000
-14140
-14124
-14236
-14184
-14328
-14448
-14592
-14500
-14456
-14332
-14416
-14428
-14548
-14832
-14752
-14572
-14428
-14480
-14360
-14348
-14604
-14660
-14656
-14736
-14700
-14616
-14516
-14568
-14704
-14672
-14764
-14812
-14800
-14768
-14688
-14724
-14764
-14832
-14824
-14828
-14832
-14816
-14916
-14844
-14852
-14880
-14896
-14884
-14864
-14812
-14924
-14880
-14912
-14908
-15116
-15124
-14960
-14948
-14952
-15152
-15148
-15168
-15012
-15036
-15060
-15200
-15212
-15112
-15232
-15260
-15236
-15152
-15220
-15320
-15268
-15140
-15096
-14968
-15148
-15240
-15332
-15596
-15556
-15540
-15520
-15640
-15428
-15424
-15488
-15420
-15356
-15380
-15368
-15328
-15308
-15320
-15492
-15528
-15544
-15844
-15756
-15756
-15644
-15792
-15836
-15676
-15720
-15504
-15696
-15760
-15904
-15812
-15696
-15644
-15876
-16028
-16216
-16208
-16084
-16260
-16360
-16108
-15980
-15940
-15964
-15904
-15848
-15820
-15828
-15864
-15952
-15824
-16108
-16096
-16060
-16188
-16172
-16404
-16008
-16272
-16256
-16228
-16220
-16204
-16376
-16108
-15812
-15760
-15828
-15956
-15652
-15712
-15912
-16364
-16332
-16244
-16192
-16220
-16060
-16036
-15972
-15864
-15796
-15860
-15924
-15996
-16180
-16176
-16272
-16280
-16408
-16324
-16304
-16184
-16148
-16060
-15932
-15988
-16052
-16092
-16084
-16196
-16292
-16384
-16336
-16472
-16400
-15984
-16052
-16020
-16092
-15968
-15732
-15524
-15668
-15904
-16076
-15924
-16032
-16164
-16792
-16548
-16412
-16316
-16416
-16708
-16252
-15972
-16112
-15820
-15996
-16368
-16112
-15852
-16204
-16124
-16136
-16284
-15704
-16240
-16308
-16140
-16156
-15940
-15972
-15736
-16404
-16188
-15884
-15956
-16260
-16072
-16056
-16072
-16044
-15940
-16052
-16200
-15964
-15892
-16080
-16516
-16208
-15800
-15788
-16316
-16248
-15908
-16112
-16056
-16108
-15660
-15856
-16192
-15456
-15136
-15212
-14948
-15168
-15900
-16360
-16556
-17032
-16932
-16640
-16248
-16144
-16136
-15984
-15928
-15980
-16184
-16256
-16340
-16620
-16640
-16392
-16260
-16056
-16088
-16028
-16120
-15972
-15916
-15804
-16232
-16300
-15916
-15824
-15664
-15952
-17076
-15432
-16236
-15724
-16096
-16000
-15924
-16068
-15960
-16060
-16016
-16052
-16016
-16040
-16052
-16016
-16044
-16108
-16036
-16024
-16052
-16060
-16064
-16108
-16136
-16112
-16040
-16068
-16104
-16040
-16044
-16052
-16056
-16028
-16032
-16156
-16048
-16084
-16144
-15984
-16020
-16032
-16084
-16024
-16084
-16140
-16032
-16132
-16104
-16012
-16080
-16048
-16140
-16040
-16112
-16120
-16068
-16060
-16060
-16108
-16064
-16148
-16044
-16120
-16064
-16112
-16112
-16112
-16120
-16060
-16164
-16120
-15988
-15872
-16068
-16024
-16192
-15988
-16116
-16028
-16016
-16088
-16220
-16444
-16692
-16200
-15236
-15240
-16912
-16096
-16016
-15864
-16116
-16192
-16184
-15984
-16088
-16272
-16280
-16336
-16576
-16836
-17196
-17512
-17320
-16848
-16572
-16128
-16120
-15992
-16124
-16076
-15692
-15892
-15984
-16084
-15984
-15784
-15760
-15864
-16064
-16164
-16084
-15892
-15900
-16032
-16184
-16212
-16184
-16056
-15944
-15852
-15884
-15936
-15940
-15940
-16152
-16332
-16412
-16608
-16460
-16168
-16168
-16212
-16300
-16212
-15860
-15684
-15676
-15744
-15856
-15708
-15632
-15412
-15152
-15224
-15380
-15820
-15396
-14628
-14532
-14888
-15380
-15364
-15808
-15952
-16004
-15908
-16304
-16424
-16876
-16612
-16540
-16372
-16468
-16556
-16824
-16480
-16184
-16012
-15972
-15980
-16040
-16032
-15808
-15876
-15696
-15760
-15700
-15768
-15664
-15672
-15596
-15632
-15532
-15680
-15640
-15748
-15584
-15560
-15692
-15724
-15696
-15636
-15348
-15384
-15472
-15472
-15596
-15368
-15160
-15156
-15072
-14932
-15092
-15328
-15236
-15156
-14976
-14964
-15056
-14944
-15044
-14840
-14908
-14868
-14776
-14576
-14456
-14464
-14440
-14360
-14444
-14440
-14496
-14504
-14504
-14540
-14328
-14504
-14480
-14616
-14632
-14524
-14396
-14552
-14584
-14452
-14460
-14396
-14444
-14520
-14416
-14448
-14500
-14564
-14456
-14204
-14032
-14072
-14044
-14144
-14160
-14376
-14400
-14312
-14388
-14236
-14384
-14152
-14008
-14112
-14076
-14000
-13792
-13888
-13856
-13936
-14124
-14136
-14084
-13904
-13976
-14120
-14100
-14024
-13856
-13928
-13824
-13824
-13964
-14044
-13968
-13896
-13868
-13736
-13672
-13596
-13416
-13292
-13440
-13748
-13880
-14616
-14108
-14356
-14268
-14288
-13996
-13772
-13688
-13672
-13484
-13636
-13984
-14208
-14320
-14436
-14476
-14596
-14852
-14696
-14620
-14588
-14416
-14456
-14472
-14528
-14708
-14824
-14872
-14796
-14916
-15084
-15192
-15176
-15028
-14820
-15036
-15168
-15172
-15044
-15112
-15076
-15020
-15028
-15228
-15212
-15224
-15064
-14988
-15144
-15108
-15052
-15064
-15124
-14964
-14924
-15064
-15264
-15288
-15452
-15484
-15576
-15532
-15572
-15656
-15468
-15408
-15288
-15488
-15692
-15648
-15816
-15968
-16120
-16112
-15924
-15876
-15940
-15744
-15724
-15452
-15572
-15724
-15740
-15692
-16076
-16492
-16480
-16700
-16784
-16504
-16408
-16068
-16216
-16276
-16188
-16180
-15816
-15748
-16044
-16080
-16100
-15832
-15844
