-2
36
34
42
28
34
31
26
31
26
12
37
44
35
23
33
39
30
39
29
20
12
40
23
17
41
21
24
40
37
20
28
25
35
22
27
37
23
16
25
27
15
34
30
29
20
16
45
33
22
37
18
1
-27
-17
49
126
-16
30
26
53
28
35
25
54
39
27
22
-2
-71
-17
-18
5
-14
-27
-25
-39
-65
-19
-12
-71
-230
-258
-310
-339
-376
-411
-446
-338
-243
-209
-162
-205
-108
-85
-34
-87
-105
-87
-84
-129
-147
-1
174
223
159
-30
-152
-71
224
318
218
65
-131
-146
-168
-173
-262
-396
-583
-616
-593
-385
-261
-465
-683
-770
-765
-649
-427
-279
-217
-158
-89
22
90
150
112
-8
-185
-219
-238
-106
-92
-30
111
174
152
118
87
47
-2
66
174
300
204
98
96
184
372
393
395
347
386
444
505
582
541
509
546
546
538
393
200
87
122
83
69
114
213
327
440
509
494
498
501
445
382
212
158
83
36
42
364
571
669
727
766
650
536
392
79
-187
-210
-208
-95
-7
144
326
501
643
714
762
656
537
500
640
793
758
509
481
512
607
650
630
549
539
551
558
627
626
595
536
410
395
431
420
330
358
374
425
374
243
184
183
237
232
167
132
180
248
323
354
365
340
280
291
345
385
450
493
512
512
493
482
379
326
325
282
297
278
213
264
313
263
260
262
306
381
373
393
351
301
314
420
486
539
450
424
369
310
296
331
295
266
229
201
184
327
498
515
363
318
185
130
146
83
-67
-353
-449
-317
-232
-211
120
462
398
105
-422
-882
-854
-537
-223
-64
-146
-223
-179
100
292
18
-480
-923
-1108
-780
-504
-518
-537
-469
-275
19
61
216
232
186
86
-101
-405
-630
-697
-654
-583
-465
-327
-170
66
283
409
517
676
615
399
286
165
253
325
298
111
-70
23
200
233
179
140
24
-88
-185
-261
-286
-99
118
223
258
240
159
79
103
89
49
-17
-67
-52
121
193
118
43
6
-87
-72
43
167
238
227
176
184
277
336
320
287
334
291
173
28
-91
-192
-143
-47
63
175
135
125
156
158
83
-4
-131
-230
-327
-305
-307
-248
-174
-170
-118
-103
-93
-175
-207
-174
-132
-115
-195
-254
-161
-132
-127
-160
-65
55
209
237
195
163
198
202
140
47
-73
-108
-96
-101
-138
-199
-216
-162
-81
-72
-125
-164
-137
-113
-158
-223
-174
51
168
178
114
79
75
102
34
58
88
63
-66
-165
-107
-76
-39
-75
-75
83
131
118
93
43
83
99
84
111
128
76
-2
-80
-64
-47
-105
-77
-113
-192
-359
-406
-338
-312
-298
-372
-440
-530
-580
-653
-528
-216
-74
-61
-158
-62
52
269
362
370
130
-412
-689
-617
-366
-223
-233
-233
-175
107
404
449
338
327
340
396
490
538
420
260
261
498
577
585
502
464
400
167
-125
-218
-91
66
37
-76
49
175
261
330
372
354
134
-131
-190
-193
-238
-269
-239
-200
-128
-104
-80
-190
-192
-90
-22
82
128
185
239
387
519
683
787
783
815
1019
1209
1387
1552
1789
1929
2029
1945
1891
1936
1986
1916
1926
1922
1943
1770
1606
1603
1606
1591
1688
1731
1756
1893
2100
2383
2685
2948
3090
3132
3165
3279
3345
3255
3092
2933
2675
2427
2064
1774
1685
1653
1622
1559
1425
1356
1288
1321
1480
1633
1557
1419
1487
1476
1438
1508
1664
1849
1901
1857
1834
1960
2130
2223
2248
2415
2557
2510
2442
2309
2154
2000
1953
1978
1922
1753
1644
1660
1580
1442
1344
1263
1145
1028
979
923
799
716
631
621
592
491
389
336
325
353
384
492
516
518
580
605
599
635
622
686
698
596
503
405
273
138
-19
-163
-229
-328
-524
-717
-900
-1041
-1219
-1334
-1272
-1306
-1455
-1510
-1375
-1146
-898
-784
-785
-727
-561
-456
-472
-559
-607
-563
-497
-466
-544
-652
-699
-677
-602
-653
-773
-831
-835
-839
-856
-876
-843
-737
-626
-655
-693
-729
-821
-897
-1097
-1335
-1550
-1674
-1772
-1894
-1987
-2122
-2248
-2325
-2311
-2304
-2371
-2404
-2442
-2450
-2413
-2304
-2151
-1981
-1887
-1907
-2129
-2230
-2273
-2302
-2339
-2429
-2524
-2641
-2614
-2601
-2675
-2682
-2820
-3078
-3118
-3173
-3188
-3245
-3350
-3640
-3862
-4050
-4183
-4371
-4408
-4291
-4134
-4006
-4105
-4190
-4146
-4007
-4013
-3961
-4022
-4112
-4076
-4065
-4036
-3897
-3789
-3820
-3638
-3397
-3136
-2893
-2700
-2504
-2271
-2125
-1997
-1836
-1673
-1553
-1483
-1356
-1352
-1348
-1432
-1606
-1668
-1656
-1512
-1388
-1355
-1293
-1253
-1301
-1321
-1237
-1092
-1081
-1199
-1346
-1393
-1379
-1384
-1424
-1459
-1789
-1619
-1576
-1475
-1408
-1343
-1192
-1079
-994
-1001
-1056
-1039
-836
-585
-391
-260
-139
-69
-59
32
152
233
331
522
639
776
959
1142
1210
1228
1327
1495
1650
1761
1729
1691
1764
1947
2043
2049
2126
2325
2605
2747
2837
2832
2801
2843
2884
2940
2923
2805
2750
2805
2953
3027
3099
3026
2908
2995
2961
2776
2657
2715
2880
2834
2709
2440
2478
2553
2689
2798
2824
2766
2824
2920
2874
2685
2494
2444
2420
2399
2274
2127
1969
1873
1691
1805
2015
2102
1998
1896
1832
1940
1854
1852
1800
1722
1599
1581
1621
1728
1678
1674
1683
1652
1624
1496
1395
1582
1834
1948
1977
1970
1906
1777
1747
1711
1669
1587
1611
1686
1812
1887
1831
1752
1709
1704
1704
1680
1653
1574
1476
1363
1183
1090
1007
916
753
574
517
440
328
264
207
67
-135
-374
-649
-758
-879
-1176
-1632
-2015
-2323
-2677
-2981
-3160
-3285
-3430
-3630
-3945
-4277
-4445
-4417
-4430
-4458
-4532
-4501
-4314
-4153
-3900
-3765
-3743
-3719
-3563
-3515
-3576
-3567
-3335
-3131
-2961
-2756
-2649
-2504
-2301
-2119
-1929
-1847
-1802
-1802
-1860
-1956
-1862
-1672
-1461
-1299
-1283
-1511
-1642
-1658
-1527
-1505
-1568
-1622
-1642
-1711
-1835
-1999
-1937
-1793
-1682
-1612
-1520
-1555
-1498
-1363
-1221
-1069
-843
-744
-736
-634
-506
-378
-257
-114
-28
165
423
629
717
746
640
448
274
252
352
510
621
810
559
943
1069
1219
1426
1551
1546
1410
1499
1370
1379
1397
1290
1292
1324
1380
1497
1466
1271
1176
1090
942
680
605
647
628
606
189
-182
-192
-217
93
185
276
259
159
-2
-38
74
193
334
216
113
3
-28
-2
-61
-273
165
41
14
25
-57
22
90
122
-2
58
75
8
97
56
87
-10
23
90
13
38
109
65
36
91
30
8
74
14
40
94
30
79
78
61
29
64
88
62
72
37
67
49
24
31
38
33
26
44
37
30
44
-6
38
59
0
31
51
53
12
57
58
70
32
4
28
48
67
94
31
82
141
20
105
85
-23
18
1
-255
-1
18
254
-248
-26
77
32
22
21
12
27
32
37
28
-18
-4
62
104
69
11
21
43
50
58
142
39
114
-250
-13
36
41
5
45
79
45
30
24
-31
37
121
-12
12
106
-52
-182
-96
110
259
10
-165
-120
326
394
68
-135
55
-8
268
-65
32
72
27
-9
8
26
142
-43
73
-16
-75
68
14
106
20
76
34
31
26
11
37
35
30
36
39
35
38
30
17
29
26
37
-11
60
8
27
28
42
26
51
128
51
67
14
64
40
32
26
12
47
35
31
31
35
48
41
58
-17
8
51
45
9
0
59
30
38
18
26
32
32
21
34
54
38
42
45
38
34
27
33
29
28
30
39
35
35
34
36
36
37
26
30
26
31
30
30
40
35
39
33
30
34
35
40
29
44
38
28
24
32
34
33
30
57
34
27
35
19
56
52
39
37
47
40
30
36
29
31
29
36
37
35
38
47
50
35
51
18
30
40
34
41
39
30
35
34
27
27
31
35
36
27
34
36
40
25
43
37
41
33
36
46
39
28
40
30
27
37
36
35
21
43
29
29
27
41
42
27
38
27
25
26
33
29
33
32
39
31
27
23
27
37
31
36
34
37
32
33
36
34
40
30
45
37
33
28
33
44
33
29
41
27
35
32
39
27
37
39
37
