-64
-142
-179
-71
59
-60
-173
-231
-152
-118
-143
-106
-145
-145
-144
-110
11
-156
-134
0
-82
-171
-278
-41
-128
-137
-216
-88
-30
-23
-105
-101
-159
-173
-79
-12
-111
-202
-134
-189
-371
-480
-146
18
108
-50
-146
-231
-290
90
410
-69
-553
-361
-52
209
-250
-279
-209
-55
31
61
-303
25
54
-183
-203
-114
-128
-98
-7
-140
-238
0
-16
-105
-206
-48
-86
-148
-61
-145
-117
-110
-57
-197
-147
-49
-89
-162
-133
-75
-118
-151
-96
-88
-142
-99
-113
-127
-92
-123
-122
-159
-133
-69
-182
-168
-77
-107
-82
-181
37
-391
-88
-187
-142
-245
242
-136
-26
-115
152
239
-496
-117
-516
-496
-242
-129
518
-538
136
-19
71
-128
-51
-46
-141
-41
51
19
-82
-45
-237
-51
-59
-179
-75
-100
-76
-149
-108
-95
-149
-171
-230
-280
-348
-353
-213
129
423
-69
-530
-288
344
-218
-454
63
17
-252
-85
-12
-144
-189
-60
-82
-174
-105
-75
-144
-142
-99
-112
-140
-144
-86
-115
-137
-86
-152
-145
-84
-129
-122
-104
-122
-89
-113
-113
-122
-100
-105
-113
-110
-96
-106
-133
-116
-109
-123
-126
-126
-116
-130
-117
-107
-111
-112
-122
-108
-117
-113
-108
-93
-119
-126
-110
-121
-115
-121
-85
-137
-114
-100
-118
-112
-109
-111
-110
-120
-97
-116
-110
-102
-114
-103
-109
-116
-129
-107
-126
-109
-98
-121
-114
-95
-117
-111
-93
-112
-122
-97
-116
-114
-126
-103
-117
-113
-99
-134
-120
-105
-110
-108
-96
-108
-121
-103
-126
-123
-94
-129
-108
-108
-111
-118
-112
-115
-116
-108
-122
-118
-120
-106
-99
-86
-135
-116
-122
-108
-103
-114
-111
-123
-107
-115
-115
-120
-122
-119
-113
-104
-98
-115
-102
-98
-106
-116
-98
-122
-113
-116
-117
-105
-109
-96
-109
-114
-112
-113
-117
-112
-111
-127
-101
-117
-116
-102
-112
-113
-119
-120
-103
-129
-129
-102
-119
-125
-98
-115
-116
-106
-65
-83
-86
-207
-147
-254
-183
69
-60
-344
-105
21
-143
-235
-95
-31
-97
-182
-122
-40
-127
-167
-103
-92
-129
-139
-127
-94
-125
-113
-111
-121
-112
-95
-129
-130
-107
-106
-115
-114
-96
-96
-130
-100
-113
-127
-115
-140
-104
-112
-146
-210
-118
-223
-219
-234
-238
-203
-63
-352
-67
-169
-43
-242
-201
-104
-108
-230
-126
-135
-169
-170
-131
-211
-177
-65
-158
-188
-131
-27
-196
-151
-174
-90
-138
-189
-195
-233
-224
-282
-369
-345
-333
-331
-358
-345
-397
-348
-376
-360
-292
-311
-349
-440
-324
-338
-417
-544
-553
-424
-576
-710
-685
-598
-495
-603
-647
-583
-450
-468
-504
-553
-462
-392
-414
-423
-365
-353
-369
-344
-341
-402
-391
-368
-396
-377
-416
-409
-405
-401
-441
-436
-469
-456
-418
-454
-456
-428
-442
-405
-424
-436
-426
-428
-458
-460
-464
-499
-493
-505
-461
-528
-540
-482
-413
-459
-503
-504
-440
-417
-456
-460
-463
-479
-470
-505
-465
-479
-460
-489
-459
-438
-465
-465
-507
-463
-485
-497
-523
-543
-522
-532
-545
-577
-544
-496
-550
-517
-503
-490
-493
-515
-472
-464
-492
-478
-459
-461
-506
-513
-517
-507
-488
-490
-515
-461
-468
-470
-485
-456
-458
-450
-458
-459
-437
-490
-434
-466
-415
-381
-381
-368
-382
-306
-325
-301
-341
-359
-374
-368
-391
-446
-406
-437
-471
-479
-458
-419
-432
-411
-450
-417
-394
-367
-360
-337
-319
-252
-431
-284
-302
-381
-258
-287
-223
-336
-155
-261
-201
-184
-209
-157
-184
-191
-174
-178
-162
-173
-157
-122
-158
-198
-246
-12
-19
-109
-37
-31
-56
-49
-35
-21
-35
-10
-33
-32
-32
-60
11
-6
20
59
74
46
68
91
103
61
33
65
96
72
46
47
118
103
61
77
174
162
103
123
132
160
141
127
149
184
166
117
145
203
188
140
206
221
223
202
264
223
263
247
246
265
229
510
245
289
321
399
345
334
406
409
375
396
382
401
387
356
466
354
434
364
296
359
348
302
344
413
401
343
474
449
444
431
431
518
388
482
468
398
438
416
408
347
391
355
327
306
301
267
264
307
244
289
331
317
355
322
379
396
368
348
334
327
302
290
251
244
250
208
215
219
245
211
173
254
213
194
142
159
168
149
104
101
141
101
74
118
153
130
79
72
155
115
119
-9
133
196
18
72
146
194
156
30
145
122
246
59
148
125
213
128
68
93
125
143
56
13
99
109
40
-11
-4
24
43
-6
-38
-23
18
28
63
53
42
-6
46
35
-54
-116
-2
2
-112
-145
-70
5
-95
-129
-103
-26
-120
-91
-174
-60
-91
-156
-81
-68
-116
-107
-122
-63
-98
-148
-81
-79
-107
-112
-116
-108
-107
-130
-111
-113
-145
-75
-107
-71
-118
-161
-91
-38
-173
-178
-45
-10
-74
-231
-105
-14
-124
-251
-181
-47
-86
-149
-151
-108
-91
-110
-146
-144
-112
-90
-127
-132
-120
-97
-118
-140
-137
-131
-137
-134
-91
-161
-157
-130
-83
-113
-165
-156
-108
-78
-203
-147
-105
-107
-179
-185
-167
-89
-158
-158
-127
-167
-142
-144
-122
-144
-244
-217
-168
-299
-481
-491
-481
-558
-672
-703
-598
-612
-719
-653
-609
-701
-702
-724
-746
-703
-716
-699
-635
-555
-517
-473
-489
-453
-384
-442
-473
-546
-559
-546
-600
-533
-691
-567
-574
-519
-525
-528
-573
-509
-513
-549
-640
-532
-606
-652
-718
-717
-689
-721
-788
-794
-763
-715
-756
-802
-826
-514
-756
-818
-808
-842
-784
-809
-823
-837
-833
-835
-859
-845
-867
-824
-827
-790
-804
-752
-738
-739
-676
-703
-650
-617
-645
-578
-574
-532
-512
-532
-491
-520
-474
-518
-504
-527
-501
-462
-484
-449
-485
-438
-425
-518
-398
-402
-391
-349
-321
-278
-359
-299
-260
-310
-310
-282
-299
-335
-246
-317
-281
-291
-317
-288
-252
-202
-259
-204
-135
-134
-172
-78
-83
-86
-70
-35
-4
-9
-6
-15
5
-5
20
3
-2
23
15
16
17
56
108
152
200
196
226
243
276
242
217
222
259
282
255
257
300
313
317
300
306
342
341
357
360
483
363
374
438
428
432
453
491
484
451
486
492
438
435
385
395
368
525
511
282
533
375
330
449
408
384
360
457
375
382
431
418
370
393
426
440
413
469
485
472
470
457
489
475
449
459
436
443
414
404
430
412
411
398
419
348
357
390
461
399
368
464
410
410
371
405
398
345
376
288
206
316
264
154
125
108
152
286
131
-35
9
385
368
215
268
522
397
198
239
330
261
70
108
243
119
-2
-9
69
134
12
2
60
106
14
86
115
-16
-74
35
-17
-73
0
-103
-32
-73
-85
-65
-132
-106
-77
-121
-109
-120
-108
-125
-102
-97
-109
-108
-121
-104
-134
-104
-137
-96
-120
-111
-124
-106
-110
-103
-114
-131
-126
-117
-105
-100
-98
-106
-99
-102
-100
-72
-46
-133
-83
-80
-50
-125
-133
-49
-84
-144
-133
-54
-87
-175
-118
-64
-126
-144
-76
-99
-132
-137
-86
-87
-124
-116
-103
-111
-133
-105
-112
-115
-123
-108
-114
-105
-121
-107
-108
-144
-120
-104
-120
-114
-116
-121
-104
-115
-101
-138
-108
-119
-125
-125
-119
-132
-130
-105
-127
-110
-115
-95
-118
-121
-109
-111
-119
-114
-114
-119
-119
-114
-111
-100
-128
-112
-135
-100
-125
-124
-127
-146
-167
-185
-207
-209
-159
-179
-204
-125
-93
-132
-253
-156
-74
-179
-215
-173
-127
-207
-334
-300
-311
-431
-580
-568
-529
-687
-712
-649
-633
-682
-640
-594
-589
-571
-590
-613
-612
-590
-672
-696
-699
-708
-778
-724
-745
-740
-779
-730
-731
-701
-719
-721
-707
-688
-711
-681
-602
-603
-574
-575
-504
-502
-524
-537
-518
-470
-497
-572
-537
-516
-526
-624
-581
-569
-559
-556
-655
-605
-633
-595
-736
-589
-642
-638
-644
-675
-611
-576
-659
-649
-608
-612
-685
-729
-614
-730
-712
-659
-718
-677
-633
-659
-685
-594
-608
-726
-607
-689
-618
-645
-605
-622
-627
-668
-515
-641
-541
-657
-611
-633
-594
-649
-657
-639
-543
-611
-484
-479
-357
-422
-336
-353
-330
-340
-332
-299
-302
-307
-312
-307
-295
-361
-282
-256
-213
-169
-141
-10
9
16
112
270
205
159
281
343
