-118
-108
-69
-142
-80
-142
-89
-115
-105
-92
-90
-121
-81
-123
-116
-103
-117
-119
-115
-106
-99
-124
-96
-111
-106
-110
-112
-110
-120
-118
-117
-110
-127
-106
-109
-106
-124
-123
-123
-124
-113
-141
-88
-95
-102
-89
-179
-40
-164
-124
-62
-167
-107
-256
-186
-74
104
166
-344
48
-125
-101
-150
-91
-33
4
-21
-95
37
258
429
731
741
788
875
1230
1506
1633
1398
1217
1407
1506
1252
936
490
284
317
386
566
695
911
1044
1141
1036
1019
1132
1190
1170
875
425
257
461
800
908
883
717
496
421
434
567
370
316
399
249
598
650
787
668
592
797
785
806
710
593
421
116
60
314
563
693
531
404
253
443
638
798
764
600
436
602
676
848
619
298
31
-247
-83
261
313
312
147
212
126
219
334
435
504
445
223
2
-179
-450
-512
-364
-298
-254
-189
-192
-87
-72
-164
-207
-285
-195
-66
-127
-244
-316
-349
-247
-71
45
29
60
58
-69
-167
-178
-233
-238
-243
-351
-511
-20
-388
-150
143
37
-133
-66
-126
-313
-511
-600
-731
-811
-860
-713
-632
-561
-389
-284
-328
-517
-607
-607
-589
-643
-932
-1202
-1000
-671
-270
-105
-154
-178
-299
-418
-426
-460
-380
-239
-56
46
122
72
-215
-400
-484
-624
-643
-713
-659
-465
-586
-686
-785
-627
-462
-307
-177
-180
-251
-336
-511
-628
-696
-766
-969
-1135
-1101
-836
-518
-200
-81
51
92
95
60
-77
-134
-136
-327
-479
-455
-512
-593
-481
-550
-607
-405
-277
-185
-290
-547
-649
-715
-531
-314
-274
-335
-448
-533
-529
-422
-128
129
100
-152
-415
-367
-90
546
749
984
1010
1062
1167
1081
1031
953
528
67
-193
-531
79
33
511
727
593
719
595
197
767
788
830
447
-75
-350
-642
-439
-528
-431
-369
-795
-855
-835
-564
-416
-363
76
212
116
-155
-130
313
257
164
167
7
-33
-219
-209
-90
-39
-418
-728
-848
-698
-305
120
132
-111
-298
-473
-466
-539
-656
-564
-554
-366
-143
-76
-102
-122
-294
-315
-19
-174
-30
188
308
396
203
13
241
257
216
74
-16
-123
-217
59
333
260
489
403
222
53
49
57
47
-217
-291
-137
58
144
124
0
-136
-315
-167
185
231
173
25
11
9
43
-12
-194
-404
-631
-677
-622
-473
-368
-204
-147
-183
-360
-400
-425
-366
-410
-586
-666
-871
-955
-927
-831
-626
-439
-347
-291
-268
-404
-420
-437
-406
-543
-709
-829
-693
-572
-393
-277
-205
-163
-227
-246
-299
-344
-327
-301
-332
-291
-322
-312
-146
-74
-202
-363
-636
-680
-641
-556
-429
-187
-49
105
-88
-329
-324
-251
-270
-357
-403
-352
-248
-22
76
1
-90
-33
276
489
564
389
130
-267
-440
-501
-398
-396
-464
-414
-592
-685
-670
-507
-465
-817
-1300
-1534
-1344
-1252
-1218
-1272
-1430
-1340
-1102
-961
-801
-599
-470
-308
-51
322
208
-249
-766
-957
-1015
-1075
-1124
-1190
-1382
-1516
-1449
-1015
-651
-610
-519
-404
-343
-606
-983
-1293
-1243
-850
-981
-870
-336
489
1082
1056
744
316
567
1329
1596
1116
295
-510
-687
-580
-311
-227
111
844
1504
1545
1373
1515
1903
2084
2062
1525
993
804
979
1241
1359
1300
1396
1848
2518
3081
3355
3151
2718
2413
2658
3135
3389
3212
2694
2426
2161
2010
1655
1515
1537
1473
1338
1442
1663
1869
1696
1475
1418
1598
1695
1865
1916
1986
1961
1862
1960
2164
2315
2555
2776
2780
2694
2360
1675
880
557
656
1265
1588
1627
1324
997
960
1051
1397
1847
1979
1812
1601
1431
1169
944
1249
1587
1637
1232
788
430
453
433
505
494
417
188
-121
-291
-188
-137
-209
-280
-334
-427
-528
-463
-472
-413
-354
-112
31
-40
-195
-421
-511
-381
-262
-119
-168
-176
-274
-295
-240
-10
61
16
-142
-271
-397
-474
-546
-483
-504
-835
-1107
-1026
-1141
-1277
-1408
-1267
-1243
-1234
-1188
-1038
-915
-774
-759
-947
-1195
-1390
-1602
-1681
-1805
-2004
-2090
-1999
-1799
-1552
-1668
-2102
-2611
-2845
-2782
-2886
-2994
-3011
-3081
-2944
-2598
-2508
-2414
-2252
-2121
-1864
-1816
-1875
-1894
-1892
-1689
-1470
-1479
-1706
-1926
-2137
-2145
-2084
-1975
-1915
-1971
-2088
-2245
-2363
-2484
-2403
-2295
-2051
-2373
-2301
-2239
-2107
-1901
-1810
-1784
-1738
-1584
-1558
-1486
-1323
-1260
-1083
-1150
-1215
-1172
-987
-849
-874
-924
-1004
-1154
-1195
-933
-686
-811
-1120
-1380
-1387
-1265
-840
-671
-601
-535
-492
-266
-90
-99
-375
-685
-649
-456
-474
-401
-337
-322
-369
-498
-432
78
769
1388
1766
2122
2228
2148
1939
1930
1781
1552
1440
1331
1349
1412
1424
1280
1023
874
716
482
415
573
875
1109
1274
1176
1087
1131
1163
1361
1413
1451
1484
1467
1408
1282
1151
1048
972
1251
1683
2048
2342
2480
2408
2336
2290
2343
2482
2554
2621
2758
2972
2971
2940
2934
2794
2454
2184
1976
1768
1658
1719
1976
2172
2185
2099
2392
2898
3195
3181
2880
2400
2050
1726
1589
1472
1354
1272
1335
1525
1646
1818
2065
2171
2164
2529
3065
3715
4096
4149
3939
3472
3080
2556
2286
1945
1437
1101
1089
1264
1506
1570
1199
843
724
654
171
-280
-460
-490
-464
-219
-293
-226
-620
-879
-1040
-821
-596
-575
-462
-467
-436
-221
-217
-341
-556
-801
-1154
-1324
-1226
-942
-775
-722
-564
-588
-407
-515
-571
-407
-398
-474
-371
-369
-467
-756
-797
-730
-393
-60
228
307
143
98
301
493
446
411
339
228
140
84
33
-25
-138
-222
-268
-138
20
96
171
171
148
123
-7
-77
-24
73
128
71
117
115
240
378
512
468
278
95
213
425
658
755
578
298
257
208
239
284
237
38
34
110
318
587
750
502
138
-266
-460
-506
-648
-835
-985
-1106
-1125
-955
-733
-840
-1090
-1433
-1608
-1396
-971
-473
-336
-436
-596
-582
-380
-249
-299
-383
-475
-711
-1057
-1000
-1384
-1418
-1461
-1458
-1306
-1272
-1234
-1221
-1175
-1089
-1175
-1371
-1499
-1356
-1243
-1181
-1276
-1463
-1434
-1224
-931
-760
-843
-1124
-1400
-1554
-1613
-1489
-1273
-1094
-909
-828
-927
-1169
-1382
-1384
-1399
-1505
-1739
-2033
-2091
-1733
-1261
-739
-403
-243
-94
111
253
-173
-16
-344
-725
-925
-501
-123
-362
-101
-316
-256
-502
-749
-466
-252
-665
-717
-854
-780
-611
-797
-1150
-1283
-1149
-1123
-1128
-999
-821
-744
-1220
-657
-913
-841
-849
-899
-1032
-1153
-933
-665
-500
-389
-550
-487
-201
-13
-84
-213
-254
-61
-30
-272
-668
-815
-746
-525
-331
185
395
-206
-246
-93
-238
-158
-479
-596
-466
-668
-389
-577
-544
-467
-411
-742
-364
-351
-349
-464
-640
-933
-936
-881
-830
-670
-586
-503
-615
-872
-834
-700
-651
-524
-72
-153
-132
-50
-75
-131
-178
-177
-242
-66
-169
-316
-76
-169
-171
-175
-211
-224
-168
-198
-219
-69
63
-75
64
-298
-158
2
17
-375
76
-109
-178
-47
-326
-82
-150
-194
-609
-298
-226
192
-367
-283
108
-293
-185
-44
-230
-180
-155
-307
-57
4
44
-222
-192
-79
428
-204
-195
338
-437
-51
-417
-89
53
127
184
-215
-166
-197
-138
-170
-19
-56
-125
-38
-328
165
41
-19
-70
-281
-535
238
-101
-500
-486
-166
81
-398
-103
-667
58
0
59
-140
27
-251
-117
-401
6
-118
41
15
-481
117
-225
-140
-444
-18
-95
-60
-121
-100
-30
-231
-110
-163
-99
-82
-132
-117
-42
-150
-77
-181
-117
-34
-224
-69
-176
-95
-142
-34
-403
-3
-100
-222
-82
-115
-129
-211
-56
-183
-46
-99
-136
-88
-164
-116
-69
-87
-145
-104
-146
-97
-194
-11
-70
-116
-158
-74
-110
-211
14
-268
-70
-39
-245
-58
-47
-157
-112
-114
-82
-117
-121
-154
-107
-130
-157
-73
-127
-83
-111
-212
-121
-75
-127
-64
-124
-207
-50
-151
-133
-96
-182
-105
-92
-133
-140
-126
-147
-82
-134
-74
-123
-169
-121
-131
-163
-50
-110
-109
11
-156
-165
-94
-90
-136
-137
-187
-75
-156
-161
-86
-154
-118
-124
-109
-127
-105
-112
-135
-117
-122
-104
-113
-109
-106
-104
-110
-113
-117
-114
-119
-108
-114
-123
-104
-121
-115
-121
-120
-122
-118
-121
-115
-126
-106
-106
-116
-115
-119
-121
-116
-111
-113
-111
-110
-117
-119
-111
-110
-129
-122
-111
-103
-122
-109
-122
-110
-131
-123
-104
-117
-117
-95
-121
-112
-109
-109
-124
-105
-107
-123
-120
-111
-108
-104
-113
-118
-112
-118
-128
-116
-115
-109
-123
-120
-109
-111
