-116.000
-115.500
-115.000
-115.000
-115.000
-115.000
-115.000
-115.000
-115.000
-115.500
-115.000
-115.500
-115.000
-115.000
-115.000
-115.000
-115.000
-115.000
-115.000
-115.000
-115.000
-115.000
-115.000
-112.000
-112.000
-112.000
-112.000
-112.000
-112.000
-112.000
-112.000
-112.000
-112.000
-112.000
-110.000
-112.000
-110.000
-110.000
-107.000
-106.000
-106.000
-100.000
-100.000
-100.000
-96.000
-85.000
-85.000
-81.000
-81.000
-81.000
-85.000
-85.000
-85.000
-85.000
-85.000
-85.000
-91.000
-91.000
-92.000
-92.000
-91.000
-91.000
-81.000
-91.000
-92.000
-92.000
-92.000
-93.000
-93.000
-110.000
-122.000
-122.000
-123.000
-131.000
-131.000
-131.000
-131.000
-131.000
-131.000
-131.000
-156.000
-158.000
-168.000
-158.000
-158.000
-168.000
-171.000
-189.000
-217.000
-215.000
-217.000
-256.000
-256.000
-256.000
-256.000
-256.000
-217.000
-215.000
-217.000
-247.000
-256.000
-256.000
-315.000
-366.000
-366.000
-366.000
-364.000
-364.000
-364.000
-364.000
-366.000
-366.000
-366.000
-368.000
-389.000
-389.000
-389.000
-408.000
-408.000
-408.000
-408.000
-408.000
-408.000
-408.000
-408.000
-408.000
-408.000
-408.000
-408.000
-408.000
-408.000
-408.000
-409.000
-411.000
-482.000
-507.000
-507.000
-507.000
-507.000
-507.000
-508.000
-509.000
-540.000
-614.000
-616.000
-641.000
-657.000
-661.000
-664.000
-668.000
-668.000
-697.000
-697.000
-699.000
-711.000
-723.000
-757.000
-789.000
-795.000
-810.000
-810.000
-810.000
-810.000
-879.000
-925.000
-933.000
-933.000
-933.000
-953.000
-968.000
-1003.000
-1016.000
-1017.000
-1016.000
-1003.000
-968.000
-1003.000
-1017.000
-1021.000
-1028.000
-1028.000
-1028.000
-1021.000
-1021.000
-1021.000
-1021.000
-1024.000
-1059.000
-1062.000
-1062.000
-1101.000
-1116.000
-1138.000
-1151.000
-1151.000
-1151.000
-1138.000
-1138.000
-1138.000
-1138.000
-1138.000
-1138.000
-1138.000
-1116.000
-1114.000
-1101.000
-1101.000
-1114.000
-1138.000
-1138.000
-1138.000
-1114.000
-1101.000
-1101.000
-1101.000
-1090.000
-960.000
-937.000
-937.000
-924.000
-924.000
-924.000
-937.000
-937.000
-937.000
-992.000
-1090.000
-1090.000
-1090.000
-1090.000
-1090.000
-1302.000
-1350.000
-1350.000
-1350.000
-1110.000
-1110.000
-1110.000
-992.000
-851.000
-851.000
-851.000
-851.000
-851.000
-851.000
-743.000
-704.000
-704.000
-704.000
-704.000
-547.000
-502.000
-476.000
-476.000
-476.000
-476.000
-476.000
-341.000
-313.000
-218.000
-159.000
-51.000
-27.000
14.000
-27.000
-159.000
-218.000
-313.000
-431.000
-460.000
-431.000
-416.000
-313.000
-214.000
-159.000
-159.000
-196.000
-196.000
-196.000
-47.000
60.000
98.000
60.000
-15.000
-47.000
-47.000
-47.000
-47.000
-47.000
-15.000
-8.000
28.000
28.000
28.000
28.000
28.000
28.000
4.000
0.000
0.000
4.000
28.000
28.000
4.000
0.000
-8.000
-15.000
-47.000
-47.000
-103.000
-129.000
-129.000
-129.000
-129.000
-129.000
-129.000
-129.000
-103.000
-58.000
-4.000
-4.000
-4.000
32.000
47.000
80.000
80.000
80.000
137.000
145.000
177.000
200.000
200.000
235.000
302.000
302.000
302.000
302.000
302.000
302.000
302.000
302.000
323.000
337.000
366.000
392.000
366.000
366.000
366.000
337.000
337.000
337.000
323.000
309.000
323.000
337.000
439.000
461.000
468.000
468.000
483.000
507.000
514.000
507.000
483.000
468.000
468.000
326.000
326.000
326.000
326.000
448.000
468.000
525.000
539.000
539.000
539.000
539.000
539.000
539.000
539.000
539.000
525.000
468.000
448.000
417.000
417.000
417.000
448.000
448.000
448.000
448.000
448.000
426.000
417.000
406.000
340.000
312.000
312.000
312.000
312.000
340.000
406.000
426.000
426.000
426.000
426.000
426.000
426.000
426.000
426.000
406.000
309.000
264.000
264.000
309.000
406.000
444.000
473.000
473.000
476.000
479.000
488.000
506.000
506.000
479.000
476.000
473.000
436.000
436.000
436.000
436.000
473.000
476.000
479.000
525.000
539.000
582.000
615.000
615.000
691.000
761.000
929.000
1010.000
1023.000
1059.000
1115.000
1127.000
1127.000
1127.000
1127.000
1142.000
1144.000
1147.000
1147.000
1147.000
1147.000
1147.000
1147.000
1147.000
1147.000
1147.000
1147.000
1020.000
865.000
865.000
865.000
865.000
865.000
865.000
865.000
865.000
865.000
865.000
854.000
854.000
854.000
854.000
854.000
905.000
905.000
905.000
905.000
905.000
905.000
905.000
905.000
905.000
905.000
905.000
859.000
834.000
775.000
745.000
422.000
-2.000
-44.000
-53.000
-181.000
-186.000
-186.000
-186.000
-186.000
-186.000
-186.000
-186.000
-202.000
-202.000
-202.000
-202.000
-181.000
-123.000
-123.000
-123.000
-93.000
-72.000
-72.000
-72.000
-19.000
-12.000
63.000
67.000
97.000
101.000
110.000
117.000
117.000
117.000
117.000
147.000
159.000
199.000
209.000
214.000
223.000
223.000
343.000
392.000
392.000
392.000
392.000
392.000
392.000
392.000
392.000
392.000
392.000
392.000
264.000
214.000
199.000
199.000
-16.000
-205.000
-250.000
-272.000
-284.000
-364.000
-547.000
-566.000
-580.000
-586.000
-673.000
-715.000
-740.000
-740.000
-744.000
-744.000
-744.000
-744.000
-744.000
-748.000
-750.000
-790.000
-799.000
-848.000
-933.000
-1063.000
-1077.000
-1092.000
-1102.000
-1166.000
-1166.000
-1166.000
-1166.000
-1175.000
-1175.000
-1175.000
-1175.000
-1175.000
-1175.000
-1175.000
-1175.000
-1175.000
-1175.000
-1175.000
-1179.000
-1278.000
-1278.000
-1179.000
-1175.000
-1099.000
-1045.000
-957.000
-885.000
-881.000
-822.000
-822.000
-822.000
-822.000
-822.000
-822.000
-822.000
-885.000
-957.000
-957.000
-957.000
-957.000
-957.000
-957.000
-885.000
-807.000
-766.000
-751.000
-743.000
-695.000
-743.000
-751.000
-765.000
-765.000
-743.000
-743.000
-743.000
-743.000
-713.000
-713.000
-713.000
-713.000
-713.000
-713.000
-713.000
-765.000
-772.000
-790.000
-833.000
-868.000
-874.000
-874.000
-874.000
-874.000
-874.000
-874.000
-868.000
-868.000
-868.000
-868.000
-790.000
-772.000
-750.000
-750.000
-747.000
-717.000
-717.000
-697.000
-692.000
-692.000
-692.000
-692.000
-692.000
-692.000
-686.000
-655.000
-634.000
-634.000
-634.000
-621.000
-484.000
-454.000
-397.000
-385.000
-345.000
-304.000
-194.000
-192.000
-192.000
-192.000
-192.000
-192.000
-150.000
-75.000
-40.000
-8.000
87.000
98.000
139.000
185.000
202.000
203.000
209.000
232.000
242.000
264.000
269.000
269.000
292.000
302.000
312.000
317.000
352.000
352.000
352.000
357.000
374.000
376.000
401.000
421.000
427.000
430.000
463.000
478.000
478.000
492.000
519.000
519.000
519.000
543.000
587.000
587.000
587.000
586.000
566.000
566.000
566.000
566.000
566.000
566.000
566.000
543.000
519.000
505.000
505.000
505.000
505.000
505.000
566.000
586.000
586.000
586.000
609.000
652.000
629.000
609.000
609.000
609.000
609.000
609.000
605.000
536.000
536.000
536.000
536.000
536.000
536.000
536.000
536.000
463.000
377.000
369.000
360.000
306.000
299.000
249.000
226.000
172.000
166.000
70.000
-81.000
-92.000
-102.000
-109.000
-141.000
-151.000
-200.000
-202.000
-288.000
-370.000
-370.000
-370.000
-370.000
-392.000
-478.000
-483.000
-543.000
-553.000
-553.000
-497.000
-483.000
-478.000
-418.000
-478.000
-497.000
-504.000
-553.000
-671.000
-553.000
-504.000
-497.000
-478.000
-450.000
-450.000
-450.000
-450.000
-450.000
-450.000
-448.000
-418.000
-409.000
-409.000
-409.000
-409.000
-409.000
-448.000
-450.000
-456.000
-456.000
-456.000
-450.000
-448.000
-398.000
-365.000
-365.000
-365.000
-280.000
-255.000
-255.000
-255.000
-365.000
-425.000
-425.000
-425.000
-425.000
-425.000
-365.000
-346.000
-185.000
-185.000
-185.000
-185.000
-185.000
-185.000
-144.000
-67.000
-67.000
-67.000
-67.000
-67.000
-79.000
-79.000
-79.000
-79.000
-79.000
-79.000
-79.000
-79.000
-138.000
-144.000
-153.000
-153.000
-153.000
-315.000
-315.000
-153.000
-144.000
-144.000
-144.000
-153.000
-215.000
-217.000
-217.000
-217.000
-217.000
-217.000
-217.000
-227.000
-217.000
-217.000
-217.000
-217.000
-222.000
-222.000
-217.000
-215.000
-215.000
-217.000
-215.000
-215.000
-215.000
-215.000
-213.000
-181.000
-172.000
-154.000
-138.000
-154.000
-154.000
-154.000
-154.000
-154.000
-154.000
-181.000
-154.000
-135.000
-135.000
-135.000
-135.000
-135.000
-119.000
-118.000
-112.000
-118.000
-118.000
-119.000
-135.000
-135.000
-119.000
-135.000
-136.000
-165.000
-136.000
-165.000
-165.000
-165.000
-165.000
-165.000
-136.000
-136.000
-136.000
-136.000
-118.000
-86.000
-118.000
-136.000
-136.000
-244.000
-136.000
-86.000
-19.000
-19.000
-19.000
-37.000
-37.000
-37.000
-37.000
-37.000
12.000
24.000
12.000
50.000
50.000
12.000
-26.000
-26.000
-26.000
-37.000
-37.000
-26.000
12.000
-26.000
-26.000
-37.000
-75.000
-173.000
-198.000
-231.000
-198.000
-198.000
-173.000
-159.000
-159.000
-159.000
-159.000
-139.000
-159.000
-159.000
-159.000
-159.000
-173.000
-159.000
-159.000
-164.000
-173.000
-173.000
-164.000
-159.000
-159.000
-150.000
-150.000
-150.000
-150.000
-159.000
-150.000
-139.000
-139.000
-139.000
-139.000
-150.000
-150.000
-106.000
-106.000
-106.000
-85.000
-85.000
-85.000
-34.000
-34.000
-25.000
14.000
-16.000
-25.000
-25.000
-25.000
-25.000
-25.000
-25.000
-25.000
-34.000
-42.000
-65.000
-101.000
-101.000
-101.000
-105.000
-111.000
-105.000
-101.000
-101.000
-101.000
-101.000
-101.000
-81.000
-89.000
-101.000
-105.000
-105.000
-105.000
-109.000
-109.000
-105.000
-101.000
-101.000
-101.000
-95.000
-89.000
-89.000
-95.000
-95.000
-95.000
-95.000
-109.000
-111.000
-129.000
-117.000
-117.000
-129.000
-131.000
-131.000
-137.000
-131.000
-131.000
-131.000
-129.000
-117.000
-117.000
-117.000
-117.000
-111.000
-117.000
-129.000
-129.000
-117.000
-117.000
-117.000
-119.000
-117.000
-110.000
-110.000
-110.000
-119.000
-110.000
-107.000
-110.000
-107.000
-110.000
-110.000
-110.000
-117.000
-117.000
-119.000
-119.000
-119.000
-120.000
-119.000
-117.000
-110.000
-117.000
-110.000
-110.000
-105.000
-105.000
-105.000
-105.000
-103.000
-99.000
-103.000
-103.000
-103.000
-103.000
-103.000
-103.000
-103.000
-99.000
-95.000
-89.000
-95.000
-103.000
-95.000
-95.000
-102.000
-102.000
-102.000
-111.000
-102.000
-107.000
-107.000
-111.000
-107.000
-111.000
-116.000
-116.000
-116.000
-111.000
-111.000
-111.000
-111.000
-111.000
-116.000
-133.000
-133.000
-133.000
-116.000
-133.000
-137.000
-137.000
-137.000
-133.000
-133.000
-142.000
-142.000
-142.000
-142.000
-142.000
-125.000
-125.000
-115.000
-115.000
-115.000
-115.000
-115.000
-115.000
-106.000
-95.000
-95.000
-106.000
-106.000
-106.000
-101.000
-95.000
-95.000
-95.000
-93.000
-90.000
-89.000
-88.000
-89.000
-90.000
-90.000
-90.000
-90.000
-89.000
-90.000
-90.000
-90.000
-90.000
-89.000
-89.000
-89.000
-89.000
-89.000
-88.000
-89.000
-88.000
-88.000
-93.000
-93.000
-98.000
-104.000
-104.000
-107.000
-105.000
-107.000
-107.000
-107.000
-107.000
-108.000
-107.000
-108.000
-108.000
-108.000
-108.000
-108.000
-108.000
-107.000
-108.000
-108.000
-108.000
-109.000
-109.000
-108.000
-109.000
-109.000
-109.000
-111.000
-112.000
-113.000
-113.000
-113.000
-113.000
-112.000
-112.000
-112.000
-112.000
-112.000
-112.000
-112.000
-112.000
-112.000
-113.000
-112.000
-112.000
-113.000
-113.000
-114.000
-114.000
-114.000
-114.000
-114.000
-113.000
-113.000
-112.000
-112.000
-112.000
-113.000
-113.000
-113.000
-113.000
-113.000
-113.000
-113.000
-113.000
-113.000
-113.000
-113.000
-113.000
-113.000
-113.000
-113.000
-113.000
-113.000
-113.000
-113.000
-113.000
-113.000
-113.000
-114.000
-113.000
-112.000
-112.000
-112.000
-113.000
-111.000
-110.000
-110.000
-110.000
-111.000
-111.000
-111.000
-111.000
-112.000
-111.000
-111.000
-111.000
-111.000
-111.000
-111.000
-111.000
-111.000
-111.000
-111.000
-111.000
-112.000
-112.000
-112.000
-112.000
-112.000
-112.000
-112.000
-112.000
-113.000
-113.000
-112.000
-113.000
-113.000
-116.000
-116.000
-116.000
-116.000
-116.000
-116.000
-116.000
-115.000
-115.000
-115.000
-116.000
-116.000
-118.000
-118.000
-116.000
-115.000
-115.000
-115.000
-116.000
-116.000
-115.000
-115.000
-115.000
-115.000
-115.000
-115.000
-115.000
-115.000
-115.000
-115.000
-115.000
-115.000
-115.000
-115.000
-115.000
-112.000
-112.000
-112.000
-112.000
-112.000
-112.000
-112.000
-112.000
-112.000
-112.000
-112.000
-112.000
-112.000
-113.000
-113.000
-113.000
-112.000
-113.000
-113.000
-113.000
-113.000
-114.000
-113.000
-113.000
-113.000
-113.000
-113.000
-113.000
-114.000
-114.000
-114.000
-115.000
-115.000
-114.000
-114.000
-114.000
-113.000
-113.000
-113.000
-113.000
-113.000
-113.000
-113.000
-115.000
-115.000
-115.000
-115.000
-115.000
-115.000
-115.000
-115.000
-113.000
-113.000
-113.000
-113.000
-113.000
-113.000
-113.000
-113.000
-113.000
-113.000
-113.000
-113.000
-115.000
-113.000
-113.000
-113.000
-113.000
-113.000
-111.000
-113.000
-111.000
-113.000
-111.000
-113.000
-113.000
-113.000
-113.000
-111.000
-111.000
-111.000
-111.000
-109.000
-109.000
-110.000
-109.000
-109.000
-109.000
-109.000
-109.000
-109.000
-109.000
-109.000
-109.000
-109.000
-109.000
-109.000
-109.000
-109.000
-109.000
-110.000
-109.000
-109.000
-110.000
-110.000
-110.000
-109.000
-109.000
-109.000
-109.000
-111.000
-111.000
-110.000
-110.000
-110.000
-110.000
-110.000
-110.000
-109.000
-109.000
-109.000
-109.000
-109.000
-109.000
-109.000
-109.000
-108.000
-108.000
-108.000
-109.000
-109.000
-109.000
-109.500
-109.000
-109.000
-109.000
-109.000
-109.000
-109.000
-109.000
-109.000
-109.000
-109.000
-109.000
