66.002754
113.432167
46.251392
108.490685
55.784115
180.812012
55.936291
115.496651
371.411652
291.010498
125.258369
204.150574
151.633911
108.964218
153.948898
107.418137
142.633667
106.505211
151.098495
156.746368
169.182281
150.794312
137.056183
131.124146
160.003326
143.929352
163.501923
140.528091
160.394073
93.929108
114.984039
118.557999
184.891418
139.836319
116.633759
145.151520
189.978607
169.547577
113.858505
126.964752
121.831314
124.785912
127.771713
132.944611
125.643661
143.256027
176.389343
196.334686
182.176971
158.701782
78.216782
43.155666
162.111786
244.719406
93.003845
125.624069
-44.105949
-443.406342
-34.002762
90.923927
94.555893
156.548035
166.949524
189.398468
230.388885
128.302704
126.553993
160.933258
176.861893
17.821449
157.368668
197.673645
104.114449
126.481079
-61.300316
264.286774
-132.577988
-73.257935
-24.372313
176.340591
65.607452
30.996346
-65.602547
38.719082
58.507080
33.413548
-8.299433
-37.124577
-29.750086
63.764481
67.528427
-49.085732
-13.410969
39.907227
-47.917999
-263.626923
-215.812195
-220.177002
-95.012749
72.076515
61.085140
173.546082
-362.154846
-451.873779
-282.494049
-201.359894
-148.692902
-539.516602
-36.297302
-110.130974
-32.268024
-69.815941
-428.645020
-550.646851
-457.622803
-331.993225
-190.919601
-130.590485
-257.892944
-458.244904
-310.377533
-232.942307
-307.642700
-321.516296
-512.663330
-606.280396
-481.536987
-456.169464
-303.274780
-239.715988
-387.921722
-474.163635
-637.154419
-725.257324
-782.006836
-690.761963
-607.011230
-699.593140
-875.208984
-964.582642
-912.751099
-571.805176
-766.224121
-660.307129
-779.511353
-790.294189
-969.703979
-966.435913
-945.935913
-816.156799
-802.484802
-813.999390
-913.002197
-556.623779
-716.326538
-668.459961
-537.739563
-295.061066
-435.721313
-663.687012
-725.970703
-509.881073
-394.199402
-525.985840
-457.420746
-456.116211
-431.795593
-407.722290
-268.252625
-358.682739
-405.175293
-483.234741
-382.562103
-280.985596
-279.376099
-302.900574
-440.041748
-246.582886
-167.584198
82.748810
-68.891510
-64.572083
-133.106033
-45.080856
-188.780548
-313.005554
-314.267242
-251.433548
-534.908447
-570.965332
-622.209351
-555.603149
-284.691711
410.216522
-785.491394
-1188.426758
-1091.551270
-646.798889
-274.750732
-358.279541
-699.171448
-833.701050
-914.027832
-589.582520
-359.332336
-281.174561
-207.535080
-56.701744
147.900604
177.658310
31.110428
-146.178284
1.454613
22.183075
184.703110
-54.107437
-99.747017
-9.823883
45.244404
173.575287
234.780029
393.108826
368.831146
96.413147
-30.301159
-202.171051
31.906410
58.824318
183.821228
143.901062
187.458405
120.930573
-71.531052
-243.935577
18.317123
229.396744
210.817108
260.205017
210.520142
271.016724
437.866302
577.130432
543.286865
340.147980
369.611389
347.161316
661.276733
649.062378
329.833282
314.507690
183.963730
226.725479
229.694366
34.434647
381.942749
243.780746
-37.966522
26.662579
281.783844
334.058350
280.804993
187.827026
253.923767
14.911713
346.108856
332.025818
495.927612
714.993347
465.489166
255.714081
392.292633
588.643250
398.289917
378.960968
484.786835
356.843353
561.529419
576.060059
109.459946
230.334137
544.393677
449.378662
405.990570
337.493591
325.314880
393.880127
504.112915
355.587860
308.472839
260.743256
437.238007
411.387817
247.468460
263.683014
313.862976
443.036835
674.399963
541.541016
174.100037
468.029877
644.192871
838.287109
592.853210
554.118286
1057.676758
942.542969
1152.907471
870.526001
815.160767
272.821320
582.144653
952.048523
1005.183472
958.700928
1030.965210
1081.208862
861.829712
390.143127
762.341187
1099.316406
1698.988892
1052.402222
1172.029785
952.000305
898.420593
1064.602783
1153.577515
820.602051
202.415314
87.981430
442.322388
654.597656
862.915527
704.153198
850.312073
842.316467
450.168762
486.813354
623.182007
564.583130
494.108887
494.461334
520.700439
148.798981
18.868492
475.725250
561.331299
66.221649
410.234528
637.116516
607.604431
381.684753
317.781494
280.715057
198.695282
335.321503
416.221161
573.395203
389.766785
328.703857
298.949158
151.391556
507.575439
476.354950
258.682770
268.925507
258.652588
390.916931
405.267883
544.259827
580.055969
629.050232
629.364807
581.522339
494.379822
592.570801
658.612244
428.299316
258.624634
188.302704
245.339478
465.707947
414.809113
235.331818
177.581635
373.124237
433.085144
434.217407
408.383972
486.289948
435.682373
530.783875
482.695862
419.450470
258.385559
227.451569
297.428284
379.725372
556.888306
566.077759
437.874542
481.275818
382.026886
533.552917
533.559387
642.489441
563.322510
524.264404
493.986023
577.213257
615.202148
351.082062
294.170410
354.871063
591.490479
758.531067
801.990540
598.186401
688.467896
902.669312
1063.584961
1022.585571
1120.312134
741.799377
753.847900
1116.603027
1050.142334
1184.483765
1234.259277
1391.644043
1208.073120
1229.811401
1129.000977
1271.386108
1096.788452
892.229065
899.518677
875.367554
864.411987
743.776245
776.173706
728.382446
839.503357
745.685059
741.838135
681.965820
883.464355
786.017212
672.250610
778.417419
700.674072
662.004883
821.368042
1015.229492
950.552795
974.274902
939.363403
847.039551
725.958435
570.877563
580.792664
648.858643
663.098145
629.952942
531.575989
757.411499
673.149292
591.306335
436.053101
297.778687
307.928467
528.558044
878.586609
447.006927
309.485718
396.091034
487.288452
555.776245
491.702698
607.089355
601.579102
510.752441
570.901245
681.013184
604.347717
474.473267
452.060974
615.865723
660.619629
393.990723
264.500946
436.086121
670.322388
891.175964
912.302368
837.467529
749.485962
952.018860
1218.674805
1158.636719
939.626831
812.254517
980.061035
1446.371338
1554.167480
1448.547852
1066.763428
936.311340
1092.383545
1278.810181
1055.245605
861.271851
823.525208
1061.568726
1329.212402
1223.694336
1022.758545
1144.323608
1327.857910
1203.717163
1193.764282
1032.009766
950.780273
1000.479858
981.380005
915.161865
659.606445
565.820557
320.161743
263.936859
144.004227
135.201019
472.652039
416.706360
357.849823
221.948242
193.532120
137.839966
140.052551
280.085236
398.951202
228.820633
8.053146
82.807152
33.516998
142.049835
234.881042
66.351646
155.377899
282.093781
329.785889
327.566132
453.316467
507.280457
323.774780
376.030823
257.415466
240.257904
213.784546
576.907715
549.761719
331.024200
275.618896
362.873901
449.891663
602.201599
547.958130
465.602478
238.316513
431.110657
823.641113
649.851501
563.155396
482.825989
495.735809
438.263123
559.810303
481.912048
247.129669
328.947418
440.622437
604.026245
511.421051
314.013245
331.971069
591.769531
686.714661
806.333435
845.550781
644.944702
651.135925
750.862915
900.109497
947.421631
1088.883301
924.926270
1102.344482
1181.317627
1564.536133
1723.701416
1771.544922
1629.938354
1861.391357
1948.592041
1974.595215
2060.127930
2288.281982
2317.938721
2347.827148
2447.492676
2494.330078
2738.054688
3098.750000
3188.583496
3193.520020
3094.654785
3054.572021
3159.084717
3455.602539
3591.080078
3558.380371
3586.481934
3805.480469
3961.171143
4130.064941
4404.958984
4599.885254
4600.856445
4701.335938
4772.359375
4931.192383
5105.301758
5309.728027
5406.973145
5448.791992
5331.682129
5367.221680
5581.716797
5768.855469
5828.698242
5871.191406
5863.194336
5880.616211
6009.554199
6367.209961
6325.498535
6248.745117
6467.417480
6599.054688
6554.413086
6601.037598
6746.668457
6849.635742
6851.625000
6854.346680
6964.019043
7174.803711
7360.928711
7442.281250
7440.543945
7583.854492
7618.651367
7739.265625
7900.754395
8228.088867
8245.628906
8328.849609
8360.300781
8360.179688
8340.540039
8417.958984
8491.396484
8555.032227
8557.168945
8573.002930
8570.792969
8626.832031
8683.535156
8888.562500
8872.686523
8946.777344
9023.663086
9138.347656
9134.824219
9207.932617
9297.621094
9328.661133
9422.105469
9436.743164
9451.634766
9503.632813
9511.302734
9506.863281
9712.614258
9357.079102
9325.298828
9567.150391
9663.728516
9711.900391
9637.919922
9713.563477
9812.658203
9872.412109
10145.807617
10257.539063
10131.208984
9961.623047
10067.789063
10225.330078
10172.516602
10088.373047
10128.561523
10052.399414
10057.733398
10209.511719
10399.123047
10346.355469
10362.439453
10410.404297
10379.937500
10500.149414
10426.244141
10397.337891
10424.296875
10584.162109
10555.947266
10591.809570
10562.392578
10610.999023
10489.208008
10708.646484
10703.243164
10810.695313
10711.517578
10651.742188
10674.625000
10611.162109
10554.609375
10569.658203
10506.234375
10534.656250
10392.099609
10289.972656
10301.285156
10330.517578
10316.718750
10278.091797
10045.325195
10138.585938
10349.244141
10121.408203
10198.587891
9995.281250
9931.021484
9909.107422
9957.583984
10066.685547
9865.566406
9712.582031
9587.998047
9421.067383
9316.638672
9233.642578
9054.110352
8930.988281
8938.742188
8827.575195
8633.810547
8591.763672
8517.097656
8533.733398
8394.493164
8297.628906
8072.915039
7937.448242
7689.116211
7675.731934
7558.790039
7444.054199
7284.170898
6961.632324
6697.045898
6607.328613
6887.815430
6491.700195
6161.261719
5914.124023
5700.638672
5720.739258
5985.480469
5580.706055
5396.044434
5145.164063
4863.120117
4816.561523
4960.697266
4549.114746
4181.771973
3682.730957
3509.349609
3359.586670
3259.847900
3093.169434
2810.166748
2401.704346
2094.035156
1881.439941
1893.069824
1828.711792
1628.128662
1322.791382
964.869324
703.687195
534.292786
289.762238
129.274445
-108.465561
-382.562012
-394.270935
-698.112000
-802.911682
-1003.651123
-1128.210327
-1480.312256
-1790.011353
-1878.982910
-1809.613037
-1923.552612
-2174.717773
-2437.232422
-2458.848145
-2608.539063
-2710.437012
-2786.205566
-2918.013428
-2980.167969
-3077.756592
-3189.383301
-3333.166992
-3509.700195
-3318.289795
-3272.529053
-3410.347656
-3328.180664
-3473.480957
-3615.571777
-3896.213867
-3892.282715
-3973.994141
-4066.032959
-4045.429688
-4083.371582
-4117.702148
-4209.867188
-4274.262207
-4320.177246
-4548.399902
-4593.325195
-4546.778320
-4568.917969
-4633.788086
-4675.476074
-4815.401367
-4901.559570
-4922.920410
-4933.113770
-4929.363281
-4830.302734
-4846.809570
-5021.247559
-5112.477539
-5082.938965
-5107.546875
-5094.663574
-5126.000488
-5040.883789
-4956.628906
-4809.431152
-4581.857422
-4480.466797
-4472.372559
-4526.803711
-4537.317871
-4405.119629
-4301.465332
-4170.752930
-4119.790527
-4097.152344
-4112.752930
-4114.836914
-3986.870850
-3642.552246
-3531.050781
-3687.943359
-3541.273682
-3222.344971
-2777.924072
-2630.358643
-2792.647949
-2651.810059
-2456.474121
-2143.856201
-1899.408936
-1908.872070
-1957.207397
-1678.485596
-1517.370483
-1266.387695
-1328.529297
-990.401245
-821.769714
-581.804688
-65.279602
152.092712
63.339699
-180.944061
55.134453
283.027100
303.898102
270.386200
235.087463
231.979004
542.664551
980.476135
1047.807373
1264.452637
1463.071777
1517.337402
1726.055908
2094.615723
2092.919434
2358.240967
2371.909668
2667.571777
2693.887207
2892.790527
3010.312500
2948.743164
3171.563477
3247.691406
3610.525391
3683.514160
4113.026367
4204.232422
3904.545410
4193.022461
4112.803223
4147.529297
4248.516602
4546.250000
4344.381836
4483.120605
4612.525879
4963.773438
5205.703125
5067.017090
5266.589844
5456.186523
5584.237305
5778.257813
5674.410645
5491.359863
5689.704102
6003.144043
6295.744141
6288.544922
6173.291992
5965.339355
5995.666016
6189.129883
6435.879883
6631.831055
6504.546875
6522.056152
6624.875977
6781.502930
6902.724121
6951.093750
6949.058594
7033.466797
7004.243164
6972.294434
7033.279297
7006.370117
7097.053711
7211.151367
7146.467285
7150.580078
7243.204102
7309.902832
7299.804688
7336.259766
7320.077148
7343.977051
7472.506836
7374.730469
7304.445313
7407.241699
7461.469727
7439.250000
7422.287109
7502.616211
7391.670898
7326.501953
7158.375977
6992.620117
7054.083008
7057.804199
6790.857422
6669.995117
6717.580566
6811.188477
6732.192383
6714.966797
6697.188477
6454.867676
6238.340820
6009.254395
6223.342773
6124.978027
5841.032715
5835.346680
5469.973145
5198.041016
5073.637695
4939.435059
4724.126465
4525.872559
4343.171387
4051.433838
3658.013184
3543.989258
3582.550049
3388.300293
3226.300293
2820.397461
2559.177734
2603.272461
2554.319824
2394.981445
2392.840332
2102.506348
1981.789917
1748.380371
1686.787842
1493.496094
1706.470825
1272.302979
1369.359619
1354.484253
1254.563232
976.728271
881.212402
534.866943
692.953674
662.074158
329.031189
157.431854
121.441132
20.108177
31.636642
-259.319916
-510.920349
-529.554382
-467.109985
-362.906616
-476.043396
-598.453857
-769.147827
-817.962585
-733.264099
-873.515564
-1164.547974
-1143.848511
-1133.835938
-1237.850098
-1357.768066
-1401.424316
-1502.672974
-1560.835693
-1576.726563
-1785.853271
-1862.596924
-1789.886230
-1813.591797
-1565.176514
-1612.769531
-1536.451416
-1472.028931
-1558.998901
-1471.653564
-1347.575439
-1026.104858
-920.845703
-1641.513672
-1766.518555
-545.818115
245.194489
263.061737
-220.055252
-434.835693
-14.232605
-1280.527832
-700.608704
-1337.342285
-814.166687
-1340.046753
-1623.153320
-580.719849
-197.875671
-1420.023193
-764.863770
-352.757721
-296.806793
-453.626801
-444.186829
-428.536316
-404.653259
-232.557083
-263.966125
-422.868591
-472.818848
-403.680542
-1757.287109
-1390.757813
-138.155457
-255.602707
-640.618652
833.648926
419.479309
84.108215
144.979294
253.109940
64.796356
189.809998
341.608154
224.046463
-19.394012
-480.225983
-4.848236
342.888702
337.681702
569.365601
166.452179
204.512543
729.052612
118.581360
263.326172
-407.339661
169.743530
238.090240
147.835358
585.032166
-328.158905
511.626007
470.925934
-524.905396
226.943970
62.004547
215.190018
-15.278030
48.111374
233.179855
-232.576584
-492.720825
-189.082962
-271.695435
34.696930
-68.948616
16.019234
-13.051824
20.398260
-11.855408
214.617447
309.171753
147.648819
20.732819
-199.120605
-67.474167
-38.042057
205.284286
-28.877258
-186.532059
123.321831
70.729012
502.965759
152.667862
192.032196
481.643494
177.342209
-29.975761
-302.296143
222.407227
-17.663315
297.994659
35.666794
362.672302
16.302109
122.096512
55.144279
71.708954
80.591805
-174.051956
124.553017
-66.184219
328.309326
451.340942
245.312866
-24.476532
-106.901367
-42.278473
-540.942444
207.312439
-738.535400
924.539185
313.597992
-476.390076
375.270081
167.886459
272.439941
139.791702
423.799286
422.966125
381.345734
-418.666260
-140.528778
-119.001511
383.592926
418.516815
68.595276
64.491142
11.084267
148.992249
153.992340
207.644012
344.302124
67.925797
251.664841
-64.133804
58.727455
303.615845
363.987396
140.839630
25.408142
538.511780
-1297.259277
240.317322
-123.876831
310.368286
-237.630310
-267.530792
-301.842834
207.281128
-65.367294
256.639893
109.332108
326.156067
32.468094
100.370514
199.529404
-368.127197
125.992844
-351.182892
241.729095
-1038.488403
-1072.371460
-1059.843140
-1540.061768
-1237.730225
14.760803
49.782745
806.599121
971.980225
3498.550781
559.358521
1605.928223
-206.091248
270.477539
-52.458206
979.093445
-294.566589
-762.370972
-694.111389
-740.818848
-226.367203
-247.025024
148.186951
1585.089844
1511.460449
887.881226
262.189758
422.383240
355.043701
225.538696
538.726379
238.687988
230.784149
211.196167
46.809174
302.538147
254.764679
304.890625
7.050980
78.176224
-41.819454
134.538162
128.257614
115.648849
86.061157
361.190826
368.824921
218.411102
79.280319
-172.231705
162.085938
79.141388
121.836632
48.537579
67.725334
223.288727
-161.207794
646.560791
1102.540527
909.050537
183.009491
278.750336
411.657898
498.077271
-7.703003
-126.282799
-154.323471
-20.377869
107.717842
155.786942
118.813148
-220.252014
-118.997467
56.809250
-126.085587
-95.448326
392.206604
388.191742
197.559631
95.369034
172.020142
408.640350
-23.424271
6.671523
-176.819580
291.546387
-20.559097
103.311211
161.118683
139.876953
428.179718
23.306915
145.795975
170.547592
96.703201
152.777573
72.241074
109.058533
127.831886
95.925446
95.922379
296.349548
155.038422
81.573029
89.822517
126.933441
119.644196
148.152573
145.048676
122.414986
151.088165
185.064896
185.633591
94.289230
80.225388
141.739883
165.082275
38.567295
200.072357
52.484245
99.303543
103.381027
104.495056
172.334946
151.655670
183.041382
141.509430
117.090881
132.205017
-103.307739
15.346058
84.799690
136.453964
78.674042
106.458992
107.514565
162.267090
46.512405
-9.077755
8.412645
48.048336
71.948799
113.335815
118.107681
86.732948
139.160736
122.984879
164.315262
142.928864
56.478867
17.609451
85.418083
125.730087
53.958462
104.063446
143.895676
117.742844
110.597488
139.145187
155.659103
144.921005
139.808624
164.554626
162.601349
155.531998
162.314789
144.560883
137.531677
129.075485
139.836517
144.955170
128.925140
124.545486
151.670258
124.224106
127.618225
102.402763
128.192001
133.059448
132.210739
138.514557
131.522583
133.969406
138.995056
136.011002
119.945755
141.699265
136.749832
148.468964
153.849365
113.926643
107.376282
105.586624
142.133270
143.404114
111.072845
130.560791
144.599457
109.220856
149.661896
130.211090
155.396744
136.135071
143.943878
93.791794
147.625000
138.368835
144.554169
144.065536
150.467728
119.538422
117.623764
110.564957
119.529205
150.299713
141.278168
138.813354
131.604233
125.277451
143.155975
117.540741
119.256531
126.261002
130.353302
153.257034
137.729034
133.486542
82.220428
161.892059
164.052460
145.035629
126.768555
145.741928
144.390045
137.485001
131.241302
