-260.000
-246.000
-232.000
-246.000
-232.000
-246.000
-260.000
-262.000
-260.000
-256.000
-260.000
-262.000
-260.000
-264.000
-272.000
-264.000
-264.000
-264.000
-252.000
-252.000
-252.000
-264.000
-264.000
-264.000
-264.000
-264.000
-264.000
-264.000
-264.000
-264.000
-256.000
-256.000
-252.000
-256.000
-256.000
-240.000
-240.000
-240.000
-236.000
-236.000
-236.000
-236.000
-228.000
-220.000
-196.000
-196.000
-188.000
-188.000
-188.000
-188.000
-188.000
-188.000
-184.000
-184.000
-188.000
-184.000
-172.000
-172.000
-136.000
-136.000
-172.000
-136.000
-136.000
-172.000
-184.000
-184.000
-248.000
-264.000
-284.000
-372.000
-372.000
-460.000
-460.000
-460.000
-672.000
-796.000
-832.000
-964.000
-1084.000
-1088.000
-1448.000
-1516.000
-1528.000
-1696.000
-1912.000
-1916.000
-1996.000
-2052.000
-2100.000
-2108.000
-2216.000
-2244.000
-2340.000
-2676.000
-2676.000
-2740.000
-2744.000
-3032.000
-3032.000
-3032.000
-3032.000
-3048.000
-3064.000
-3108.000
-3176.000
-3244.000
-3324.000
-3412.000
-3512.000
-3524.000
-3604.000
-3620.000
-3644.000
-3684.000
-3684.000
-3768.000
-3780.000
-3968.000
-3968.000
-3988.000
-4032.000
-4072.000
-4192.000
-4232.000
-4348.000
-4432.000
-4444.000
-4468.000
-4488.000
-4588.000
-4652.000
-4652.000
-4736.000
-4796.000
-4804.000
-4804.000
-4888.000
-4944.000
-5012.000
-5052.000
-5120.000
-5168.000
-5188.000
-5220.000
-5232.000
-5256.000
-5260.000
-5368.000
-5392.000
-5424.000
-5452.000
-5512.000
-5568.000
-5592.000
-5748.000
-5816.000
-5816.000
-5816.000
-5816.000
-5776.000
-5816.000
-5816.000
-5864.000
-5864.000
-5864.000
-5864.000
-5956.000
-5864.000
-5776.000
-5776.000
-5776.000
-5776.000
-5816.000
-5776.000
-5776.000
-5768.000
-5768.000
-5756.000
-5744.000
-5744.000
-5736.000
-5736.000
-5736.000
-5736.000
-5736.000
-5732.000
-5728.000
-5712.000
-5696.000
-5660.000
-5636.000
-5620.000
-5608.000
-5596.000
-5596.000
-5596.000
-5528.000
-5480.000
-5448.000
-5436.000
-5416.000
-5400.000
-5396.000
-5396.000
-5356.000
-5316.000
-5232.000
-5200.000
-5176.000
-5176.000
-5176.000
-5176.000
-5176.000
-5176.000
-5136.000
-5068.000
-5040.000
-5040.000
-4928.000
-4912.000
-4900.000
-4892.000
-4888.000
-4812.000
-4804.000
-4784.000
-4784.000
-4748.000
-4676.000
-4628.000
-4628.000
-4620.000
-4532.000
-4512.000
-4512.000
-4424.000
-4408.000
-4284.000
-4176.000
-4176.000
-4164.000
-4164.000
-4144.000
-4120.000
-4120.000
-4100.000
-4092.000
-4068.000
-4056.000
-4036.000
-4016.000
-3968.000
-3968.000
-3932.000
-3840.000
-3824.000
-3824.000
-3808.000
-3792.000
-3792.000
-3792.000
-3792.000
-3656.000
-3612.000
-3600.000
-3536.000
-3536.000
-3552.000
-3536.000
-3528.000
-3500.000
-3412.000
-3408.000
-3376.000
-3376.000
-3320.000
-3320.000
-3280.000
-3280.000
-3280.000
-3252.000
-3240.000
-3200.000
-3116.000
-3116.000
-3088.000
-3084.000
-3052.000
-3052.000
-3052.000
-3052.000
-3052.000
-3044.000
-3044.000
-3052.000
-3084.000
-3188.000
-3084.000
-3068.000
-3068.000
-3084.000
-3084.000
-3068.000
-3084.000
-3084.000
-3068.000
-3068.000
-3188.000
-3188.000
-3188.000
-3300.000
-3364.000
-3380.000
-3536.000
-3536.000
-3536.000
-3380.000
-3380.000
-3380.000
-3384.000
-3384.000
-3384.000
-3536.000
-3556.000
-3584.000
-3584.000
-3608.000
-3728.000
-3744.000
-3744.000
-3744.000
-3744.000
-3960.000
-3980.000
-3980.000
-3992.000
-4144.000
-4144.000
-4144.000
-4144.000
-4144.000
-4144.000
-4144.000
-4144.000
-4144.000
-4168.000
-4168.000
-4168.000
-4268.000
-4268.000
-4268.000
-4168.000
-4168.000
-4140.000
-4140.000
-4140.000
-4040.000
-3992.000
-3964.000
-3964.000
-3964.000
-3952.000
-3912.000
-3912.000
-3848.000
-3848.000
-3912.000
-3848.000
-3884.000
-3912.000
-3884.000
-3848.000
-3824.000
-3776.000
-3748.000
-3744.000
-3672.000
-3668.000
-3668.000
-3672.000
-3744.000
-3748.000
-3776.000
-3824.000
-3844.000
-3848.000
-3848.000
-3884.000
-3884.000
-3912.000
-3912.000
-3912.000
-3980.000
-3980.000
-3996.000
-3996.000
-3996.000
-3996.000
-4020.000
-4020.000
-4020.000
-4020.000
-4020.000
-4020.000
-4012.000
-4012.000
-4012.000
-3996.000
-3996.000
-3996.000
-3952.000
-3948.000
-3948.000
-3948.000
-3932.000
-3908.000
-3848.000
-3824.000
-3824.000
-3800.000
-3800.000
-3824.000
-3848.000
-3824.000
-3824.000
-3824.000
-3768.000
-3768.000
-3768.000
-3748.000
-3748.000
-3748.000
-3748.000
-3644.000
-3644.000
-3616.000
-3616.000
-3608.000
-3588.000
-3584.000
-3584.000
-3584.000
-3492.000
-3436.000
-3432.000
-3424.000
-3376.000
-3372.000
-3376.000
-3372.000
-3340.000
-3324.000
-3324.000
-3324.000
-3324.000
-3316.000
-3308.000
-3288.000
-3264.000
-3244.000
-3204.000
-3204.000
-3156.000
-3204.000
-3156.000
-3148.000
-3072.000
-3048.000
-3028.000
-3008.000
-3008.000
-2968.000
-2956.000
-2860.000
-2836.000
-2820.000
-2756.000
-2668.000
-2620.000
-2604.000
-2592.000
-2592.000
-2592.000
-2588.000
-2588.000
-2580.000
-2580.000
-2580.000
-2572.000
-2572.000
-2572.000
-2580.000
-2580.000
-2580.000
-2580.000
-2580.000
-2572.000
-2552.000
-2552.000
-2492.000
-2480.000
-2444.000
-2444.000
-2380.000
-2372.000
-2204.000
-2192.000
-2168.000
-2032.000
-1988.000
-1956.000
-1844.000
-1820.000
-1740.000
-1648.000
-1628.000
-1604.000
-1560.000
-1412.000
-1364.000
-1340.000
-1296.000
-1076.000
-920.000
-912.000
-888.000
-836.000
-804.000
-804.000
-788.000
-768.000
-676.000
-636.000
-572.000
-528.000
-416.000
-388.000
-180.000
-180.000
-132.000
-132.000
-132.000
-132.000
-132.000
-132.000
-132.000
-132.000
-132.000
-180.000
-244.000
-244.000
-244.000
-244.000
-244.000
-244.000
-312.000
-412.000
-412.000
-424.000
-496.000
-568.000
-576.000
-584.000
-632.000
-652.000
-908.000
-1028.000
-1128.000
-1264.000
-1272.000
-1560.000
-1592.000
-1744.000
-1784.000
-1784.000
-1844.000
-2056.000
-2056.000
-2092.000
-2516.000
-2556.000
-2672.000
-2732.000
-2740.000
-3260.000
-3704.000
-4048.000
-4216.000
-4260.000
-4332.000
-4344.000
-4408.000
-5192.000
-5400.000
-5520.000
-5664.000
-5788.000
-5872.000
-5976.000
-6460.000
-6548.000
-6552.000
-6572.000
-6824.000
-7284.000
-7308.000
-7424.000
-7600.000
-7708.000
-7720.000
-7880.000
-8172.000
-8252.000
-8560.000
-8568.000
-8580.000
-8612.000
-8748.000
-8836.000
-8836.000
-8836.000
-9196.000
-9236.000
-9304.000
-9352.000
-9400.000
-9612.000
-9712.000
-9736.000
-9744.000
-9964.000
-9968.000
-10236.000
-10272.000
-10436.000
-10460.000
-10480.000
-10480.000
-10532.000
-10668.000
-10680.000
-10696.000
-10720.000
-10728.000
-10820.000
-10868.000
-10912.000
-10936.000
-10936.000
-10936.000
-10936.000
-10936.000
-10936.000
-10936.000
-10936.000
-10936.000
-10952.000
-10952.000
-10936.000
-10912.000
-10896.000
-10896.000
-10896.000
-10832.000
-10820.000
-10688.000
-10688.000
-10676.000
-10664.000
-10568.000
-10564.000
-10488.000
-10440.000
-10412.000
-10388.000
-10348.000
-10156.000
-10072.000
-9968.000
-9952.000
-9952.000
-9880.000
-9880.000
-9864.000
-9860.000
-9832.000
-9828.000
-9792.000
-9760.000
-9756.000
-9724.000
-9696.000
-9696.000
-9588.000
-9288.000
-8980.000
-8960.000
-8880.000
-8860.000
-8736.000
-8536.000
-8504.000
-8444.000
-8412.000
-8140.000
-8032.000
-7996.000
-7704.000
-7616.000
-7472.000
-7228.000
-7100.000
-6768.000
-6740.000
-6692.000
-6640.000
-6420.000
-6404.000
-5900.000
-5804.000
-5604.000
-5272.000
-5244.000
-5160.000
-4692.000
-4616.000
-4220.000
-4176.000
-4092.000
-3888.000
-3508.000
-3472.000
-3048.000
-2800.000
-2696.000
-2228.000
-2080.000
-1872.000
-1704.000
-1644.000
-1140.000
-1024.000
-544.000
-132.000
-36.000
84.000
440.000
520.000
728.000
1120.000
1320.000
1328.000
1868.000
1904.000
2004.000
2208.000
2432.000
2544.000
2980.000
3124.000
3160.000
3428.000
3676.000
3772.000
3968.000
4204.000
4320.000
4468.000
4532.000
4704.000
4792.000
4856.000
5108.000
5244.000
5344.000
5548.000
5588.000
5772.000
6008.000
6160.000
6244.000
6316.000
6356.000
6776.000
6920.000
6980.000
7024.000
7068.000
7132.000
7148.000
7372.000
7380.000
7528.000
7528.000
7556.000
7576.000
7612.000
7612.000
7664.000
7664.000
7664.000
7664.000
7664.000
7664.000
7664.000
7664.000
7664.000
7664.000
7664.000
7612.000
7468.000
7416.000
7360.000
7088.000
7080.000
7040.000
6996.000
6788.000
6636.000
6612.000
6396.000
6360.000
6316.000
6300.000
6276.000
6232.000
5900.000
5780.000
5612.000
5608.000
5560.000
5512.000
5368.000
5352.000
5200.000
5188.000
4980.000
4880.000
4824.000
4736.000
4308.000
4252.000
4240.000
4240.000
4216.000
4016.000
3812.000
3596.000
3496.000
3284.000
3272.000
3196.000
2920.000
2912.000
2696.000
2344.000
2176.000
2124.000
2112.000
1708.000
1504.000
1404.000
1272.000
1060.000
704.000
664.000
648.000
412.000
236.000
-128.000
-532.000
-564.000
-736.000
-860.000
-1256.000
-1420.000
-1472.000
-1768.000
-1812.000
-1920.000
-2276.000
-2364.000
-2700.000
-2776.000
-2832.000
-2956.000
-3052.000
-3796.000
-4020.000
-4336.000
-4356.000
-4500.000
-4636.000
-5216.000
-5600.000
-6052.000
-6084.000
-6208.000
-6232.000
-6324.000
-6696.000
-6704.000
-6888.000
-7136.000
-7252.000
-7404.000
-7636.000
-8052.000
-8160.000
-8172.000
-8276.000
-8396.000
-8396.000
-8432.000
-8456.000
-8468.000
-8720.000
-8720.000
-8720.000
-8720.000
-8720.000
-8720.000
-8720.000
-8728.000
-8728.000
-8728.000
-8728.000
-8728.000
-8632.000
-8632.000
-8728.000
-8632.000
-8560.000
-8544.000
-8464.000
-8464.000
-8528.000
-8528.000
-8464.000
-8436.000
-8436.000
-8304.000
-8240.000
-8240.000
-8196.000
-8180.000
-8148.000
-8116.000
-8064.000
-8012.000
-7992.000
-7992.000
-7932.000
-7916.000
-7892.000
-7860.000
-7804.000
-7860.000
-7860.000
-7804.000
-7804.000
-7804.000
-7804.000
-7804.000
-7804.000
-7804.000
-7832.000
-7860.000
-7860.000
-7892.000
-7892.000
-7860.000
-7832.000
-7832.000
-7892.000
-7892.000
-7908.000
-7908.000
-7908.000
-7908.000
-7908.000
-7908.000
-7908.000
-7908.000
-7908.000
-7908.000
-7884.000
-7884.000
-7828.000
-7824.000
-7788.000
-7788.000
-7788.000
-7824.000
-7824.000
-7824.000
-7828.000
-7872.000
-7872.000
-7872.000
-7872.000
-7872.000
-7872.000
-7904.000
-8020.000
-8036.000
-8084.000
-8120.000
-8356.000
-8364.000
-8372.000
-8664.000
-8724.000
-8956.000
-9056.000
-9136.000
-9136.000
-9136.000
-9160.000
-9404.000
-9500.000
-9528.000
-9528.000
-9528.000
-9528.000
-9528.000
-9528.000
-9528.000
-9528.000
-9528.000
-9528.000
-9404.000
-9224.000
-9084.000
-8948.000
-8928.000
-8916.000
-8912.000
-8884.000
-8796.000
-8744.000
-8728.000
-8680.000
-8628.000
-8556.000
-8380.000
-8356.000
-8300.000
-8300.000
-8220.000
-8172.000
-8096.000
-8064.000
-7964.000
-7540.000
-7516.000
-7488.000
-7444.000
-7444.000
-7280.000
-7272.000
-7200.000
-7092.000
-6972.000
-6656.000
-6644.000
-6644.000
-6412.000
-6324.000
-6236.000
-6004.000
-5960.000
-5948.000
-5936.000
-5860.000
-5804.000
-5652.000
-5256.000
-4844.000
-4828.000
-4688.000
-4672.000
-4576.000
-4576.000
-4576.000
-4576.000
-4576.000
-4500.000
-4500.000
-4472.000
-4472.000
-4472.000
-4448.000
-4376.000
-4296.000
-4252.000
-4248.000
-4252.000
-4252.000
-4248.000
-4240.000
-4236.000
-3948.000
-3832.000
-3672.000
-3648.000
-3648.000
-3648.000
-3200.000
-3192.000
-3136.000
-2912.000
-2860.000
-2800.000
-2660.000
-2520.000
-2496.000
-2496.000
-2444.000
-2444.000
-2444.000
-2444.000
-2428.000
-2444.000
-2444.000
-2428.000
-2368.000
-2180.000
-2128.000
-1940.000
-1940.000
-1940.000
-1940.000
-1860.000
-1716.000
-1428.000
-1428.000
-1428.000
-1428.000
-1428.000
-1656.000
-1428.000
-1420.000
-1428.000
-1420.000
-1420.000
-1420.000
-1412.000
-1360.000
-1360.000
-1360.000
-1360.000
-1360.000
-1360.000
-1412.000
-1412.000
-1412.000
-1412.000
-1412.000
-1412.000
-1412.000
-1412.000
-1656.000
-1360.000
-1360.000
-1360.000
-1360.000
-1360.000
-1356.000
-1356.000
-804.000
-804.000
-784.000
-784.000
-784.000
-696.000
-696.000
-572.000
-572.000
-572.000
-512.000
-512.000
-392.000
-316.000
-316.000
-268.000
-268.000
-224.000
-216.000
-216.000
-124.000
-108.000
-92.000
-28.000
-28.000
-92.000
-28.000
-28.000
-28.000
0.000
0.000
48.000
48.000
216.000
48.000
0.000
48.000
168.000
168.000
168.000
168.000
168.000
76.000
76.000
76.000
48.000
48.000
48.000
48.000
48.000
76.000
48.000
-32.000
-32.000
-208.000
-208.000
-208.000
-108.000
-208.000
-160.000
-108.000
-108.000
-108.000
-108.000
-32.000
148.000
152.000
152.000
148.000
148.000
148.000
-32.000
-108.000
-32.000
-32.000
-108.000
-112.000
-108.000
196.000
240.000
296.000
296.000
424.000
424.000
432.000
432.000
432.000
424.000
236.000
120.000
120.000
-112.000
-112.000
-112.000
-264.000
-264.000
-436.000
120.000
-436.000
-436.000
-312.000
-312.000
-436.000
-540.000
-540.000
-540.000
-668.000
-668.000
-540.000
-540.000
-540.000
-540.000
-312.000
-296.000
-296.000
-296.000
-296.000
4.000
4.000
4.000
-184.000
-184.000
-184.000
-24.000
-24.000
-24.000
-24.000
4.000
4.000
-24.000
-124.000
-124.000
-84.000
-124.000
-160.000
-164.000
-164.000
-184.000
-184.000
-204.000
-208.000
-204.000
-208.000
-204.000
-208.000
-204.000
-180.000
-204.000
-204.000
-204.000
-204.000
-204.000
-204.000
-208.000
-208.000
-184.000
-184.000
-208.000
-208.000
-208.000
-216.000
-288.000
-288.000
-312.000
-312.000
-312.000
-312.000
-288.000
-312.000
-288.000
-312.000
-312.000
-288.000
-392.000
-392.000
-392.000
-504.000
-504.000
-392.000
-392.000
-392.000
-392.000
-352.000
-176.000
-176.000
-176.000
-168.000
-176.000
-176.000
-168.000
-168.000
-168.000
-168.000
-168.000
-168.000
-168.000
-192.000
-192.000
-192.000
-204.000
-204.000
-204.000
-204.000
-204.000
-232.000
-236.000
-236.000
-292.000
-292.000
-292.000
-236.000
-236.000
-292.000
-292.000
-292.000
-292.000
-304.000
-304.000
-248.000
-248.000
-248.000
-248.000
-248.000
-248.000
-236.000
-248.000
-236.000
-228.000
-248.000
-228.000
-180.000
-180.000
-172.000
-172.000
-180.000
-172.000
-172.000
-160.000
-160.000
-160.000
-160.000
-160.000
-172.000
-180.000
-184.000
-184.000
-184.000
-184.000
-196.000
-236.000
-236.000
-248.000
-248.000
-236.000
-248.000
-260.000
-260.000
-260.000
-260.000
-260.000
-260.000
-260.000
-264.000
-264.000
-260.000
-260.000
-264.000
-260.000
-260.000
-264.000
-264.000
-260.000
-272.000
-272.000
-260.000
-256.000
-256.000
-256.000
-256.000
-256.000
-248.000
-240.000
-248.000
-248.000
-248.000
-248.000
-256.000
-256.000
-256.000
-260.000
-248.000
-236.000
-236.000
-248.000
-236.000
-244.000
-248.000
-244.000
-232.000
-244.000
-244.000
-244.000
-248.000
-248.000
-248.000
-244.000
-244.000
-244.000
-244.000
-256.000
-256.000
-244.000
-228.000
-228.000
-224.000
-228.000
-228.000
-228.000
-226.000
-228.000
-226.000
-224.000
-226.000
-228.000
-226.000
-228.000
-226.000
-224.000
-226.000
-224.000
