715.000
695.000
675.000
664.000
653.000
638.000
623.000
619.500
616.000
614.000
612.000
611.000
610.000
610.000
584.000
542.000
503.000
468.000
467.000
463.000
434.000
429.000
417.000
416.000
402.000
391.000
390.000
358.000
352.000
348.000
340.000
320.000
317.000
313.000
312.000
307.000
301.000
270.000
260.000
245.000
218.000
204.000
189.000
172.000
149.000
145.000
134.000
130.000
127.000
123.000
117.000
106.000
103.000
101.000
94.000
83.000
53.000
45.000
25.000
8.000
8.000
3.000
-10.000
-16.000
-20.000
-20.000
-24.000
-30.000
-36.000
-37.000
-40.000
-40.000
-41.000
-47.000
-47.000
-49.000
-49.000
-49.000
-60.000
-60.000
-61.000
-61.000
-61.000
-64.000
-64.000
-69.000
-75.000
-77.000
-77.000
-77.000
-77.000
-80.000
-80.000
-80.000
-89.000
-90.000
-91.000
-91.000
-91.000
-91.000
-100.000
-115.000
-116.000
-116.000
-116.000
-116.000
-116.000
-116.000
-116.000
-115.000
-115.000
-115.000
-100.000
-98.000
-91.000
-89.000
-87.000
-87.000
-87.000
-85.000
-80.000
-74.000
-58.000
-58.000
-58.000
-58.000
-58.000
-58.000
-58.000
-58.000
-58.000
-58.000
-58.000
-58.000
-70.000
-70.000
-70.000
-70.000
-70.000
-70.000
-70.000
-70.000
-74.000
-74.000
-75.000
-84.000
-86.000
-87.000
-90.000
-92.000
-92.000
-92.000
-95.000
-95.000
-95.000
-100.000
-102.000
-108.000
-109.000
-109.000
-110.000
-112.000
-113.000
-114.000
-115.000
-115.000
-115.000
-115.000
-116.000
-116.000
-116.000
-118.000
-116.000
-118.000
-118.000
-118.000
-118.000
-118.000
-118.000
-118.000
-119.000
-119.000
-119.000
-118.000
-118.000
-118.000
-118.000
-118.000
-118.000
-118.000
-119.000
-121.000
-121.000
-121.000
-121.000
-121.000
-121.000
-121.000
-121.000
-118.000
-115.000
-115.000
-120.000
-120.000
-120.000
-116.000
-120.000
-121.000
-121.000
-122.000
-122.000
-121.000
-121.000
-120.000
-120.000
-120.000
-119.000
-119.000
-119.000
-120.000
-120.000
-119.000
-120.000
-120.000
-121.000
-121.000
-120.000
-119.000
-119.000
-119.000
-122.000
-119.000
-119.000
-119.000
-116.000
-116.000
-118.000
-118.000
-118.000
-117.000
-117.000
-117.000
-118.000
-117.000
-117.000
-118.000
-118.000
-118.000
-118.000
-118.000
-118.000
-118.000
-118.000
-118.000
-119.000
-118.000
-118.000
-119.000
-119.000
-120.000
-121.000
-120.000
-121.000
-121.000
-121.000
-121.000
-121.000
-121.000
-121.000
-121.000
-121.000
-121.000
-121.000
-121.000
-120.000
-120.000
-120.000
-120.000
-120.000
-120.000
-120.000
-120.000
-120.000
-121.000
-121.000
-121.000
-121.000
-121.000
-121.000
-121.000
-121.000
-121.000
-121.000
-121.000
-121.000
-120.000
-118.000
-117.000
-117.000
-117.000
-117.000
-117.000
-118.000
-118.000
-118.000
-120.000
-118.000
-117.000
-117.000
-115.000
-115.000
-114.000
-114.000
-115.000
-115.000
-115.000
-115.000
-115.000
-115.000
-116.000
-115.000
-116.000
-116.000
-116.000
-117.000
-117.000
-117.000
-117.000
-117.000
-117.000
-116.000
-117.000
-117.000
-117.000
-118.000
-119.000
-119.000
-119.000
-117.000
-119.000
-117.000
-119.000
-119.000
-119.000
-120.000
-120.000
-120.000
-120.000
-122.000
-120.000
-120.000
-120.000
-123.000
-120.000
-119.000
-120.000
-119.000
-119.000
-120.000
-119.000
-119.000
-119.000
-119.000
-119.000
-119.000
-121.000
-119.000
-119.000
-119.000
-119.000
-119.000
-119.000
-119.000
-119.000
-119.000
-119.000
-119.000
-119.000
-119.000
-119.000
-118.000
-118.000
-118.000
-118.000
-118.000
-118.000
-118.000
-118.000
-119.000
-118.000
-118.000
-118.000
-118.000
-120.000
-120.000
-120.000
-120.000
-120.000
-121.000
-121.000
-122.000
-122.000
-123.000
-124.000
-124.000
-124.000
-126.000
-127.000
-129.000
-140.000
-140.000
-143.000
-145.000
-160.000
-162.000
-162.000
-162.000
-162.000
-162.000
-162.000
-163.000
-162.000
-162.000
-162.000
-149.000
-150.000
-149.000
-145.000
-144.000
-144.000
-145.000
-145.000
-145.000
-145.000
-145.000
-149.000
-149.000
-150.000
-150.000
-150.000
-156.000
-160.000
-162.000
-163.000
-166.000
-167.000
-196.000
-198.000
-231.000
-283.000
-311.000
-316.000
-345.000
-351.000
-383.000
-387.000
-390.000
-391.000
-403.000
-418.000
-419.000
-419.000
-422.000
-422.000
-424.000
-428.000
-433.000
-441.000
-457.000
-477.000
-491.000
-542.000
-566.000
-606.000
-617.000
-619.000
-627.000
-628.000
-632.000
-632.000
-634.000
-639.000
-644.000
-645.000
-645.000
-645.000
-645.000
-645.000
-645.000
-645.000
-639.000
-639.000
-639.000
-639.000
-639.000
-633.000
-632.000
-633.000
-638.000
-638.000
-638.000
-638.000
-638.000
-638.000
-638.000
-638.000
-638.000
-638.000
-638.000
-638.000
-645.000
-646.000
-664.000
-676.000
-683.000
-688.000
-706.000
-714.000
-718.000
-718.000
-718.000
-718.000
-718.000
-718.000
-718.000
-718.000
-718.000
-718.000
-718.000
-718.000
-718.000
-718.000
-710.000
-698.000
-691.000
-687.000
-676.000
-670.000
-670.000
-668.000
-663.000
-650.000
-645.000
-637.000
-633.000
-627.000
-625.000
-625.000
-618.000
-611.000
-610.000
-605.000
-604.000
-604.000
-600.000
-595.000
-568.000
-563.000
-552.000
-541.000
-539.000
-538.000
-538.000
-538.000
-535.000
-529.000
-526.000
-526.000
-526.000
-526.000
-526.000
-524.000
-524.000
-524.000
-524.000
-524.000
-524.000
-524.000
-526.000
-529.000
-530.000
-532.000
-535.000
-580.000
-583.000
-583.000
-583.000
-583.000
-583.000
-583.000
-583.000
-583.000
-583.000
-583.000
-583.000
-580.000
-580.000
-575.000
-575.000
-574.000
-574.000
-574.000
-574.000
-574.000
-574.000
-574.000
-574.000
-574.000
-574.000
-573.000
-573.000
-573.000
-572.000
-572.000
-572.000
-566.000
-562.000
-560.000
-559.000
-557.000
-555.000
-552.000
-518.000
-489.000
-477.000
-471.000
-469.000
-469.000
-468.000
-464.000
-463.000
-461.000
-461.000
-459.000
-459.000
-458.000
-458.000
-454.000
-446.000
-440.000
-437.000
-436.000
-435.000
-431.000
-428.000
-418.000
-404.000
-396.000
-396.000
-396.000
-396.000
-396.000
-396.000
-396.000
-396.000
-396.000
-396.000
-396.000
-396.000
-396.000
-399.000
-442.000
-443.000
-443.000
-443.000
-443.000
-443.000
-443.000
-446.000
-447.000
-448.000
-448.000
-450.000
-450.000
-450.000
-450.000
-448.000
-443.000
-442.000
-441.000
-439.000
-438.000
-438.000
-436.000
-436.000
-435.000
-433.000
-426.000
-418.000
-376.000
-362.000
-356.000
-349.000
-346.000
-345.000
-337.000
-330.000
-322.000
-313.000
-303.000
-290.000
-288.000
-256.000
-245.000
-214.000
-204.000
-202.000
-196.000
-192.000
-181.000
-161.000
-129.000
-82.000
-64.000
-14.000
-11.000
-7.000
1.000
2.000
4.000
13.000
15.000
15.000
18.000
26.000
28.000
29.000
32.000
35.000
48.000
62.000
84.000
99.000
134.000
146.000
147.000
148.000
150.000
155.000
159.000
159.000
160.000
165.000
170.000
170.000
172.000
173.000
177.000
181.000
182.000
183.000
185.000
186.000
191.000
191.000
191.000
225.000
240.000
246.000
246.000
249.000
260.000
265.000
266.000
266.000
267.000
273.000
278.000
279.000
289.000
296.000
299.000
326.000
326.000
326.000
326.000
326.000
326.000
331.000
331.000
334.000
334.000
334.000
334.000
334.000
335.000
335.000
335.000
334.000
334.000
334.000
334.000
331.000
331.000
331.000
331.000
334.000
334.000
334.000
335.000
338.000
342.000
348.000
348.000
348.000
349.000
354.000
357.000
360.000
367.000
369.000
369.000
373.000
374.000
380.000
382.000
383.000
384.000
388.000
400.000
408.000
414.000
417.000
420.000
421.000
426.000
428.000
430.000
431.000
435.000
449.000
452.000
452.000
452.000
452.000
449.000
438.000
435.000
431.000
430.000
430.000
431.000
435.000
435.000
438.000
439.000
462.000
465.000
477.000
484.000
505.000
511.000
532.000
532.000
532.000
532.000
532.000
537.000
543.000
547.000
547.000
547.000
547.000
547.000
547.000
547.000
547.000
547.000
547.000
537.000
537.000
537.000
514.000
459.000
438.000
435.000
428.000
411.000
409.000
407.000
402.000
398.000
378.000
365.000
363.000
355.000
352.000
351.000
347.000
308.000
267.000
267.000
257.000
256.000
256.000
253.000
248.000
247.000
245.000
240.000
226.000
218.000
186.000
182.000
179.000
172.000
160.000
151.000
151.000
151.000
151.000
151.000
151.000
151.000
151.000
151.000
151.000
151.000
151.000
160.000
160.000
166.000
169.000
189.000
195.000
198.000
199.000
209.000
216.000
216.000
216.000
217.000
222.000
225.000
236.000
237.000
239.000
239.000
239.000
239.000
239.000
243.000
244.000
244.000
244.000
244.000
244.000
244.000
244.000
239.000
234.000
225.000
225.000
217.000
217.000
217.000
218.000
211.000
207.000
194.000
193.000
192.000
192.000
185.000
183.000
179.000
162.000
161.000
159.000
155.000
154.000
154.000
154.000
154.000
154.000
133.000
132.000
124.000
123.000
123.000
120.000
110.000
109.000
101.000
98.000
51.000
-35.000
-58.000
-65.000
-69.000
-69.000
-70.000
-72.000
-84.000
-89.000
-94.000
-102.000
-105.000
-105.000
-108.000
-110.000
-114.000
-114.000
-120.000
-120.000
-120.000
-120.000
-120.000
-120.000
-120.000
-120.000
-120.000
-120.000
-121.000
-121.000
-121.000
-121.000
-121.000
-121.000
-121.000
-121.000
-121.000
-121.000
-121.000
-121.000
-121.000
-121.000
-121.000
-121.000
-122.000
-122.000
-125.000
-127.000
-127.000
-127.000
-127.000
-128.000
-128.000
-129.000
-129.000
-129.000
-129.000
-129.000
-129.000
-129.000
-129.000
-129.000
-128.000
-128.000
-128.000
-128.000
-127.000
-127.000
-127.000
-127.000
-127.000
-127.000
-127.000
-127.000
-128.000
-128.000
-130.000
-130.000
-130.000
-152.000
-155.000
-171.000
-178.000
-194.000
-214.000
-265.000
-290.000
-372.000
-461.000
-512.000
-545.000
-546.000
-569.000
-590.000
-616.000
-632.000
-650.000
-684.000
-692.000
-742.000
-759.000
-787.000
-833.000
-858.000
-858.000
-858.000
-858.000
-860.000
-866.000
-866.000
-868.000
-868.000
-869.000
-869.000
-878.000
-879.000
-880.000
-884.000
-881.000
-880.000
-879.000
-878.000
-869.000
-868.000
-868.000
-866.000
-863.000
-858.000
-849.000
-849.000
-847.000
-847.000
-821.000
-801.000
-771.000
-749.000
-737.000
-711.000
-701.000
-690.000
-655.000
-641.000
-600.000
-561.000
-554.000
-521.000
-513.000
-490.000
-443.000
-431.000
-397.000
-369.000
-326.000
-315.000
-295.000
-282.000
-282.000
-282.000
-282.000
-282.000
-282.000
-282.000
-282.000
-282.000
-282.000
-282.000
-282.000
-282.000
-304.000
-307.000
-308.000
-309.000
-310.000
-314.000
-314.000
-316.000
-337.000
-337.000
-361.000
-386.000
-394.000
-416.000
-453.000
-464.000
-487.000
-509.000
-534.000
-538.000
-562.000
-566.000
-579.000
-583.000
-583.000
-620.000
-626.000
-669.000
-701.000
-729.000
-755.000
-791.000
-821.000
-830.000
-851.000
-870.000
-896.000
-900.000
-903.000
-934.000
-970.000
-988.000
-1005.000
-1005.000
-1008.000
-1024.000
-1029.000
-1029.000
-1030.000
-1033.000
-1033.000
-1037.000
-1042.000
-1046.000
-1047.000
-1051.000
-1051.000
-1051.000
-1051.000
-1051.000
-1047.000
-1046.000
-1043.000
-1042.000
-1037.000
-1030.000
-1029.000
-1025.000
-1022.000
-1021.000
-1000.000
-965.000
-962.000
-951.000
-931.000
-926.000
-904.000
-899.000
-891.000
-880.000
-879.000
-867.000
-851.000
-827.000
-823.000
-814.000
-802.000
-798.000
-770.000
-766.000
-743.000
-722.000
-712.000
-673.000
-649.000
-637.000
-624.000
-616.000
-604.000
-601.000
-601.000
-595.000
-595.000
-594.000
-592.000
-563.000
-524.000
-495.000
-458.000
-443.000
-436.000
-434.000
-434.000
-411.000
-400.000
-399.000
-398.000
-387.000
-383.000
-375.000
-375.000
-371.000
-355.000
-335.000
-300.000
-266.000
-242.000
-201.000
-181.000
-180.000
-174.000
-170.000
-164.000
-160.000
-153.000
-148.000
-142.000
-138.000
-137.000
-136.000
-122.000
-103.000
-103.000
-88.000
-86.000
-86.000
-85.000
-85.000
-84.000
-81.000
-75.000
-72.000
-66.000
-63.000
-39.000
-30.000
-23.000
-21.000
-10.000
-10.000
-10.000
-10.000
-10.000
-6.000
-6.000
-4.000
2.000
3.000
6.000
9.000
9.000
11.000
16.000
16.000
16.000
16.000
21.000
37.000
37.000
51.000
56.000
81.000
92.000
97.000
98.000
98.000
106.000
113.000
116.000
119.000
124.000
130.000
142.000
153.000
155.000
155.000
160.000
166.000
167.000
169.000
176.000
178.000
178.000
218.000
231.000
243.000
243.000
254.000
261.000
261.000
278.000
279.000
305.000
345.000
379.000
410.000
441.000
470.000
474.000
476.000
481.000
484.000
484.000
492.000
497.000
501.000
503.000
507.000
511.000
520.000
521.000
524.000
537.000
582.000
613.000
637.000
686.000
732.000
798.000
820.000
840.000
852.000
859.000
875.000
876.000
903.000
911.000
913.000
925.000
932.000
948.000
951.000
953.000
962.000
969.000
970.000
983.000
992.000
992.000
992.000
992.000
992.000
992.000
992.000
992.000
992.000
992.000
992.000
992.000
992.000
991.000
946.000
898.000
865.000
796.000
751.000
703.000
659.000
646.000
611.000
582.000
541.000
498.000
487.000
455.000
454.000
451.000
448.000
436.000
428.000
426.000
420.000
419.000
416.000
411.000
401.000
400.000
390.000
378.000
377.000
370.000
367.000
352.000
338.000
336.000
335.000
335.000
335.000
321.000
321.000
318.000
316.000
315.000
312.000
299.000
293.000
288.000
285.000
284.000
282.000
280.000
279.000
277.000
256.000
255.000
244.000
241.000
241.000
241.000
241.000
241.000
241.000
241.000
241.000
233.000
225.000
217.000
215.500
214.000
215.500
217.000
225.000
233.000
237.000
241.000
244.500
248.000
