16220.000
16220.000
16220.000
16228.000
16236.000
16238.000
16236.000
16238.000
16240.000
16246.000
16252.000
16266.000
16252.000
16280.000
16304.000
16304.000
16304.000
16304.000
16308.000
16308.000
16308.000
16324.000
16336.000
16336.000
16336.000
16344.000
16344.000
16344.000
16364.000
16364.000
16372.000
16376.000
16408.000
16424.000
16432.000
16432.000
16444.000
16444.000
16456.000
16464.000
16464.000
16480.000
16480.000
16464.000
16480.000
16500.000
16512.000
16512.000
16524.000
16536.000
16564.000
16568.000
16568.000
16564.000
16564.000
16568.000
16568.000
16568.000
16568.000
16580.000
16580.000
16580.000
16580.000
16564.000
16580.000
16584.000
16596.000
16628.000
16640.000
16664.000
16664.000
16664.000
16628.000
16612.000
16600.000
16596.000
16584.000
16584.000
16596.000
16600.000
16600.000
16596.000
16596.000
16596.000
16584.000
16584.000
16584.000
16584.000
16584.000
16540.000
16540.000
16540.000
16540.000
16540.000
16540.000
16496.000
16496.000
16496.000
16496.000
16496.000
16592.000
16704.000
16592.000
16484.000
16484.000
16484.000
16592.000
16592.000
16644.000
16644.000
16644.000
16644.000
16644.000
16644.000
16644.000
16616.000
16592.000
16592.000
16592.000
16616.000
16644.000
16644.000
16644.000
16616.000
16616.000
16520.000
16516.000
16520.000
16520.000
16520.000
16520.000
16516.000
16516.000
16504.000
16504.000
16516.000
16520.000
16520.000
16596.000
16596.000
16656.000
16656.000
16596.000
16596.000
16596.000
16596.000
16520.000
16520.000
16520.000
16580.000
16596.000
16600.000
16596.000
16600.000
16600.000
16600.000
16600.000
16600.000
16612.000
16600.000
16600.000
16612.000
16612.000
16600.000
16612.000
16612.000
16612.000
16620.000
16620.000
16620.000
16620.000
16620.000
16612.000
16620.000
16624.000
16620.000
16612.000
16612.000
16560.000
16532.000
16528.000
16532.000
16536.000
16536.000
16560.000
16560.000
16560.000
16604.000
16604.000
16600.000
16560.000
16600.000
16600.000
16600.000
16560.000
16536.000
16536.000
16560.000
16560.000
16560.000
16572.000
16600.000
16600.000
16600.000
16604.000
16616.000
16616.000
16616.000
16608.000
16604.000
16604.000
16600.000
16600.000
16604.000
16608.000
16608.000
16604.000
16604.000
16604.000
16604.000
16608.000
16608.000
16608.000
16608.000
16608.000
16608.000
16608.000
16608.000
16608.000
16604.000
16604.000
16604.000
16604.000
16600.000
16588.000
16588.000
16608.000
16588.000
16588.000
16588.000
16604.000
16624.000
16604.000
16604.000
16604.000
16588.000
16588.000
16588.000
16588.000
16588.000
16588.000
16588.000
16588.000
16588.000
16588.000
16588.000
16596.000
16588.000
16588.000
16596.000
16596.000
16596.000
16604.000
16604.000
16596.000
16588.000
16588.000
16588.000
16596.000
16596.000
16596.000
16592.000
16592.000
16596.000
16596.000
16600.000
16608.000
16608.000
16608.000
16608.000
16604.000
16600.000
16600.000
16604.000
16604.000
16600.000
16600.000
16600.000
16596.000
16596.000
16600.000
16600.000
16600.000
16600.000
16600.000
16600.000
16600.000
16604.000
16604.000
16612.000
16604.000
16600.000
16592.000
16592.000
16592.000
16592.000
16592.000
16592.000
16592.000
16592.000
16592.000
16592.000
16584.000
16592.000
16596.000
16596.000
16592.000
16592.000
16592.000
16584.000
16584.000
16592.000
16592.000
16584.000
16580.000
16584.000
16584.000
16592.000
16584.000
16584.000
16584.000
16584.000
16580.000
16580.000
16580.000
16580.000
16576.000
16584.000
16576.000
16576.000
16572.000
16572.000
16576.000
16576.000
16576.000
16584.000
16576.000
16576.000
16584.000
16592.000
16592.000
16592.000
16592.000
16592.000
16604.000
16592.000
16592.000
16604.000
16592.000
16604.000
16612.000
16612.000
16612.000
16612.000
16612.000
16612.000
16612.000
16612.000
16604.000
16604.000
16600.000
16600.000
16600.000
16600.000
16600.000
16596.000
16596.000
16596.000
16596.000
16596.000
16600.000
16600.000
16596.000
16596.000
16596.000
16596.000
16584.000
16596.000
16596.000
16600.000
16600.000
16600.000
16600.000
16600.000
16596.000
16596.000
16600.000
16620.000
16640.000
16640.000
16688.000
16688.000
16688.000
16700.000
16700.000
16708.000
16708.000
16708.000
16708.000
16708.000
16700.000
16700.000
16688.000
16688.000
16700.000
16712.000
16712.000
16688.000
16688.000
16688.000
16688.000
16680.000
16656.000
16624.000
16600.000
16592.000
16592.000
16556.000
16532.000
16532.000
16532.000
16532.000
16532.000
16548.000
16548.000
16552.000
16552.000
16548.000
16548.000
16532.000
16524.000
16516.000
16516.000
16516.000
16516.000
16496.000
16488.000
16484.000
16488.000
16496.000
16496.000
16496.000
16496.000
16516.000
16548.000
16552.000
16552.000
16572.000
16572.000
16572.000
16572.000
16572.000
16572.000
16496.000
16580.000
16580.000
16596.000
16596.000
16596.000
16596.000
16596.000
16616.000
16620.000
16640.000
16656.000
16664.000
16656.000
16640.000
16620.000
16596.000
16572.000
16532.000
16496.000
16488.000
16468.000
16464.000
16464.000
16464.000
16464.000
16372.000
16336.000
16336.000
16328.000
16320.000
16316.000
16304.000
16304.000
16292.000
16280.000
16256.000
16244.000
16232.000
16228.000
16216.000
16216.000
16216.000
16216.000
16216.000
16208.000
16208.000
16192.000
16164.000
16140.000
16100.000
16080.000
16068.000
16052.000
16012.000
16004.000
15976.000
15960.000
15956.000
15928.000
15876.000
15864.000
15864.000
15864.000
15864.000
15864.000
15864.000
15864.000
15816.000
15816.000
15796.000
15792.000
15792.000
15768.000
15764.000
15756.000
15756.000
15632.000
15624.000
15624.000
15624.000
15624.000
15624.000
15704.000
15704.000
15704.000
15704.000
15624.000
15596.000
15596.000
15584.000
15580.000
15564.000
15520.000
15520.000
15496.000
15488.000
15488.000
15488.000
15504.000
15508.000
15508.000
15508.000
15508.000
15508.000
15508.000
15504.000
15488.000
15476.000
15468.000
15440.000
15432.000
15416.000
15400.000
15396.000
15396.000
15384.000
15372.000
15364.000
15360.000
15332.000
15328.000
15328.000
15292.000
15288.000
15256.000
15256.000
15252.000
15244.000
15228.000
15228.000
15224.000
15172.000
15168.000
15144.000
15144.000
15144.000
15144.000
15108.000
15108.000
14960.000
14960.000
14960.000
14960.000
14940.000
14932.000
14904.000
14896.000
14892.000
14892.000
14868.000
14868.000
14856.000
14856.000
14848.000
14848.000
14848.000
14840.000
14816.000
14804.000
14804.000
14772.000
14736.000
14736.000
14700.000
14692.000
14660.000
14616.000
14576.000
14576.000
14576.000
14576.000
14576.000
14576.000
14576.000
14576.000
14564.000
14560.000
14532.000
14448.000
14424.000
14376.000
14376.000
14368.000
14320.000
14312.000
14296.000
14244.000
14240.000
14240.000
14232.000
14224.000
14216.000
14216.000
14216.000
14196.000
14196.000
14196.000
14196.000
14196.000
14072.000
14072.000
14072.000
14072.000
14072.000
14084.000
14192.000
14196.000
14204.000
14216.000
14216.000
14216.000
14240.000
14240.000
14268.000
14276.000
14284.000
14312.000
14332.000
14340.000
14352.000
14356.000
14396.000
14412.000
14416.000
14420.000
14424.000
14424.000
14424.000
14424.000
14464.000
14468.000
14492.000
14496.000
14496.000
14496.000
14512.000
14520.000
14540.000
14540.000
14556.000
14572.000
14616.000
14624.000
14636.000
14680.000
14680.000
14684.000
14740.000
14752.000
14780.000
14780.000
14784.000
14784.000
14784.000
14796.000
14800.000
14808.000
14812.000
14816.000
14836.000
14868.000
14912.000
14960.000
14964.000
14996.000
15036.000
15044.000
15092.000
15156.000
15188.000
15224.000
15256.000
15272.000
15276.000
15276.000
15296.000
15372.000
15388.000
15396.000
15432.000
15432.000
15440.000
15460.000
15488.000
15528.000
15532.000
15544.000
15568.000
15568.000
15592.000
15620.000
15664.000
15664.000
15664.000
15664.000
15668.000
15688.000
15692.000
15700.000
15704.000
15712.000
15772.000
15776.000
15784.000
15792.000
15792.000
15796.000
15800.000
15812.000
15820.000
15836.000
15864.000
15912.000
15944.000
15956.000
15992.000
16000.000
16036.000
16044.000
16048.000
16084.000
16084.000
16084.000
16084.000
16084.000
16084.000
16084.000
16084.000
16084.000
16084.000
16084.000
16084.000
16084.000
16084.000
16084.000
16084.000
16076.000
16076.000
16076.000
16076.000
16084.000
16084.000
16084.000
16096.000
16116.000
16116.000
16140.000
16172.000
16236.000
16256.000
16304.000
16404.000
16404.000
16404.000
16404.000
16412.000
16420.000
16424.000
16444.000
16452.000
16496.000
16532.000
16532.000
16532.000
16532.000
16532.000
16532.000
16532.000
16612.000
16612.000
16612.000
16624.000
16624.000
16624.000
16676.000
16684.000
16704.000
16704.000
16704.000
16704.000
16688.000
16684.000
16684.000
16684.000
16676.000
16640.000
16528.000
16640.000
16672.000
16672.000
16672.000
16672.000
16684.000
16684.000
16684.000
16684.000
16672.000
16672.000
16672.000
16672.000
16672.000
16672.000
16672.000
16680.000
16672.000
16672.000
16672.000
16672.000
16672.000
16672.000
16680.000
16680.000
16680.000
16680.000
16680.000
16688.000
16696.000
16696.000
16696.000
16688.000
16688.000
16688.000
16680.000
16664.000
16648.000
16624.000
16624.000
16584.000
16560.000
16584.000
16624.000
16624.000
16624.000
16624.000
16612.000
16596.000
16596.000
16584.000
16572.000
16572.000
16572.000
16572.000
16572.000
16572.000
16552.000
16552.000
16552.000
16572.000
16572.000
16580.000
16580.000
16572.000
16580.000
16580.000
16572.000
16572.000
16572.000
16572.000
16572.000
16572.000
16572.000
16580.000
16600.000
16600.000
16600.000
16600.000
16580.000
16580.000
16580.000
16580.000
16572.000
16600.000
16572.000
16572.000
16572.000
16576.000
16600.000
16576.000
16576.000
16600.000
16600.000
16600.000
16600.000
16600.000
16600.000
16600.000
16576.000
16576.000
16576.000
16576.000
16576.000
16576.000
16568.000
16568.000
16576.000
16600.000
16600.000
16600.000
16600.000
16600.000
16604.000
16604.000
16612.000
16612.000
16604.000
16612.000
16604.000
16612.000
16632.000
16632.000
16632.000
16632.000
16632.000
16632.000
16632.000
16632.000
16632.000
16632.000
16632.000
16604.000
16536.000
16536.000
16536.000
16520.000
16536.000
16536.000
16536.000
16536.000
16536.000
16540.000
16536.000
16540.000
16536.000
16536.000
16536.000
16520.000
16488.000
16488.000
16488.000
16476.000
16468.000
16468.000
16476.000
16476.000
16476.000
16540.000
16476.000
16540.000
16544.000
16544.000
16544.000
16544.000
16540.000
16536.000
16536.000
16544.000
16548.000
16548.000
16548.000
16604.000
16604.000
16604.000
16604.000
16604.000
16604.000
16628.000
16628.000
16628.000
16604.000
16604.000
16604.000
16604.000
16604.000
16604.000
16624.000
16624.000
16624.000
16624.000
16628.000
16624.000
16624.000
16624.000
16624.000
16612.000
16612.000
16612.000
16612.000
16624.000
16612.000
16624.000
16612.000
16612.000
16600.000
16600.000
16600.000
16596.000
16596.000
16596.000
16600.000
16600.000
16596.000
16596.000
16596.000
16596.000
16596.000
16596.000
16600.000
16600.000
16600.000
16600.000
16600.000
16600.000
16600.000
16600.000
16600.000
16600.000
16600.000
16600.000
16600.000
16600.000
16608.000
16608.000
16608.000
16608.000
16608.000
16608.000
16608.000
16608.000
16608.000
16608.000
16608.000
16608.000
16616.000
16664.000
16664.000
16664.000
16672.000
16672.000
16684.000
16672.000
16672.000
16672.000
16672.000
16672.000
16664.000
16632.000
16632.000
16608.000
16608.000
16632.000
16664.000
16664.000
16684.000
16704.000
16712.000
16712.000
16736.000
16736.000
16712.000
16704.000
16704.000
16700.000
16664.000
16632.000
16632.000
16632.000
16632.000
16664.000
16664.000
16664.000
16664.000
16664.000
16664.000
16644.000
16632.000
16584.000
16568.000
16564.000
16556.000
16524.000
16496.000
16464.000
16444.000
16444.000
16464.000
16464.000
16464.000
16464.000
16464.000
16464.000
16464.000
16464.000
16444.000
16444.000
16444.000
16444.000
16444.000
16444.000
16424.000
16424.000
16424.000
16424.000
16424.000
16424.000
16420.000
16420.000
16420.000
16420.000
16396.000
16376.000
16336.000
16336.000
16336.000
16336.000
16336.000
16324.000
16292.000
16292.000
16288.000
16280.000
16280.000
16280.000
16280.000
16264.000
16264.000
16248.000
16212.000
16212.000
16212.000
16212.000
16212.000
16212.000
16212.000
16212.000
16188.000
16184.000
16184.000
16184.000
16180.000
16072.000
16048.000
16048.000
16048.000
16044.000
16032.000
16028.000
16020.000
15996.000
15984.000
15996.000
15996.000
15984.000
15984.000
15984.000
15984.000
15984.000
15984.000
15980.000
15956.000
15948.000
15948.000
15932.000
15932.000
15932.000
15928.000
15908.000
15900.000
15892.000
15884.000
15880.000
15864.000
15832.000
15808.000
15796.000
15792.000
15772.000
15752.000
15752.000
15752.000
15752.000
15748.000
15692.000
15692.000
15692.000
15660.000
15652.000
15652.000
15632.000
15628.000
15564.000
15548.000
15532.000
15408.000
15376.000
15408.000
15408.000
15376.000
15360.000
15360.000
15360.000
15340.000
15332.000
15316.000
15316.000
15316.000
15292.000
15288.000
15288.000
15288.000
15288.000
15276.000
15276.000
15264.000
15264.000
15264.000
15260.000
15248.000
15204.000
15248.000
15204.000
15188.000
15188.000
15176.000
15176.000
15176.000
15176.000
15156.000
15108.000
15080.000
15056.000
15056.000
15048.000
15048.000
15048.000
15048.000
15048.000
15028.000
14940.000
14868.000
14840.000
14820.000
14820.000
14808.000
14760.000
14760.000
14728.000
14728.000
14728.000
14704.000
14696.000
14672.000
14672.000
14672.000
14672.000
14696.000
14704.000
14728.000
14732.000
14752.000
14752.000
14752.000
14752.000
14760.000
14772.000
14796.000
14896.000
15040.000
15044.000
15048.000
15048.000
15048.000
15048.000
15080.000
15096.000
15156.000
15160.000
15192.000
15204.000
15204.000
15192.000
15192.000
15204.000
15204.000
15212.000
15212.000
15212.000
15212.000
15212.000
15212.000
15212.000
15220.000
15220.000
15220.000
15276.000
15280.000
15328.000
15344.000
15372.000
15388.000
15448.000
15452.000
15464.000
15464.000
15476.000
15480.000
15484.000
15548.000
15608.000
15688.000
15708.000
15708.000
15716.000
15760.000
15760.000
15764.000
15788.000
15828.000
15832.000
15840.000
15844.000
15856.000
15864.000
15904.000
15956.000
15964.000
15972.000
15980.000
15984.000
15984.000
15984.000
16036.000
16036.000
16044.000
16048.000
16056.000
16072.000
16072.000
16072.000
16076.000
16080.000
16096.000
16108.000
16108.000
16108.000
16108.000
16108.000
16108.000
16116.000
16116.000
16132.000
16132.000
16136.000
16156.000
16160.000
16180.000
16180.000
16180.000
16180.000
16200.000
16200.000
16200.000
16204.000
16216.000
16224.000
16224.000
16224.000
16232.000
16240.000
16260.000
16260.000
16284.000
16288.000
16300.000
16308.000
16316.000
16316.000
16324.000
16368.000
16428.000
16436.000
16452.000
16456.000
16472.000
16516.000
16516.000
16516.000
16520.000
16524.000
16576.000
16576.000
16576.000
16576.000
16576.000
16580.000
16580.000
16616.000
16616.000
16616.000
16616.000
16620.000
16624.000
16624.000
16632.000
16636.000
16632.000
16636.000
16636.000
16636.000
16632.000
16624.000
16620.000
16616.000
16616.000
16616.000
16616.000
16624.000
16632.000
16636.000
16632.000
16624.000
16624.000
16632.000
16632.000
16624.000
16612.000
16600.000
16598.000
16596.000
16592.000
16588.000
16578.000
16568.000
16566.000
16564.000
16558.000
16564.000
