15328
15388
16228
16456
16812
16844
16612
16516
16496
16496
16304
15980
15660
15812
15804
15660
15600
15716
15748
15912
15964
16052
16024
16200
16084
16104
16108
16212
16152
16176
16288
16248
16204
16144
16120
16056
16092
16220
16232
16096
16004
16032
15932
16024
15976
16032
16076
16064
16152
16304
16320
16148
16184
16084
16136
16300
16296
16260
16304
16344
16200
16164
16108
16244
16392
16332
16264
16272
16216
16220
16388
16340
16200
16200
16348
16452
16424
16336
16284
16248
16292
16340
16280
16072
16128
16380
16484
16248
16208
16172
16232
16280
16400
16484
16504
16420
16468
16676
16532
16400
16368
16396
16408
16472
16364
16224
16252
16320
16564
16488
16416
16320
16236
16304
16460
16364
16220
16216
16352
16548
16876
16828
16628
16264
16280
16412
16452
16560
16572
16516
16400
16492
16608
16612
16452
16700
16596
16536
16320
16584
16592
16496
16348
16352
16400
16364
16364
16444
16484
16580
16556
16620
16712
16688
16476
16508
16460
16592
16572
16652
16744
16568
16720
16524
16504
16608
16680
16580
16408
16316
16424
16488
16284
16456
16608
16560
16480
16756
16780
16596
16540
16684
16788
16808
16684
16548
16532
16588
16648
16664
16456
16532
16496
16536
16740
16776
16768
16760
16732
16604
16692
16464
16472
16648
16612
16516
16512
16456
16652
16600
16568
16744
16676
16608
16656
16732
16648
16508
16504
16404
16444
16508
16468
16496
16416
16424
16516
16468
16604
16656
16588
16548
16808
16860
16908
16712
16500
16360
16284
16328
16332
16424
16492
16572
16676
16764
16604
16612
16644
16728
16764
16744
16540
16452
16384
16292
16484
16548
16316
16312
16428
16624
16460
16444
16496
16528
16512
16520
16508
16552
16456
16572
16560
16592
16616
16860
16328
16320
16480
16384
16268
16260
16320
16240
16308
16364
16500
16484
16524
16468
16404
16364
16388
16316
16336
16288
16296
16188
16448
16504
16400
16380
16320
16316
16312
16412
16356
16364
16216
16344
16388
16464
16400
16448
16244
16192
16212
16300
16180
16160
16152
16312
16172
16008
16152
16224
16156
16084
16256
16380
16300
16332
16128
16092
16264
16204
16048
16108
16184
16052
16020
15964
16040
16088
16048
16156
16112
16016
16168
16308
16200
15912
15916
15968
15972
15908
16100
16000
15976
15968
16080
16172
16164
16080
16252
16112
16100
16028
15992
15988
15984
15852
15812
15904
15784
15576
15596
15692
15928
15856
15876
15936
15848
15816
15832
15868
15876
16036
15956
15764
15976
16052
16036
15756
15920
15656
15808
15640
15728
15800
15732
15480
15388
15496
15596
15580
15668
15640
15732
15712
15680
15688
15632
15452
15628
15708
15788
15744
15560
15424
15544
15508
15372
15488
15528
15500
15424
15412
15548
15380
15244
15264
15284
15212
15140
15208
15320
15304
15268
15344
15372
15368
15408
15276
15172
15280
15032
15356
15196
14976
14884
15092
15084
15020
14972
14800
14928
14892
14984
14840
14980
14840
14852
15064
14964
14888
14952
14892
14936
14868
14832
14960
15020
14916
14744
14768
14748
14716
14796
14808
14772
14828
14804
14720
14572
14552
14572
14636
14676
14412
14544
14560
14732
14716
14692
14720
14832
14760
14776
14628
14608
14392
14464
14436
14308
14344
14432
14420
14160
14276
14276
14296
14288
14120
14044
14140
14320
14264
14368
14360
14196
14168
14184
13976
13944
13796
13772
13936
14080
13956
13908
13748
13892
13664
13664
13796
13996
13880
13864
13772
13820
13960
13952
14032
13932
13764
13884
13920
14000
13764
13744
13544
13592
13592
13760
13548
13524
13516
13548
13548
13380
13424
13332
13408
13440
13468
13464
13256
13296
13388
13396
13336
13212
13032
13132
13132
13200
13240
13116
13076
13068
13028
13128
13164
13212
13184
13084
13028
13052
12892
12948
12920
12824
12852
12876
12836
12780
12748
12784
12852
12720
12752
12728
12868
12916
12872
12672
12772
12780
12644
12472
12768
12448
12336
12424
12472
12596
12568
12468
12528
12764
12552
12392
12308
12308
12340
12224
12060
12300
12248
12200
12176
12108
11880
11780
12000
11700
12268
11992
11836
11940
11952
11912
11884
11952
11948
11900
11772
11760
11900
11812
11776
11748
11692
11780
11728
11632
11624
11560
11488
11336
11484
11404
11508
11508
11444
11284
11220
11268
11264
11444
11416
11372
11440
11432
11396
11380
11408
11356
11208
11220
11056
11284
10988
10864
10896
10884
10872
10944
10860
10864
10860
10816
10944
10980
10856
10748
10788
10868
10824
10604
10520
10584
10608
10632
10672
10744
10564
10380
10324
10396
10464
10492
10524
10456
10468
10468
10416
10556
10652
10528
10448
10332
10352
10128
10260
10244
10368
10436
10256
10304
10084
10048
9920
9724
9912
9720
9680
9872
10136
10060
9880
9808
9652
9796
9888
9820
9784
9748
9820
9852
9800
9744
9592
9460
9428
9520
9460
9472
9704
9664
9572
9428
9344
9336
9484
9592
9616
9404
9176
9452
9468
9460
9136
9096
9312
9244
9280
9480
9420
9212
9240
9076
9188
9332
9208
8964
9008
9152
8788
8912
9108
8940
8756
8780
8868
8804
9060
8896
8804
8900
8976
8840
8676
8704
8584
8604
8656
8748
8668
8596
8896
8860
8696
8380
8112
8324
8564
8716
8724
8632
8336
8296
8312
8324
8368
8420
8328
8400
8472
8412
8284
8396
8296
8456
8520
8468
8388
8340
8348
8008
7856
7736
8172
7812
7692
8088
8128
8268
8292
8100
8212
8084
7796
7416
7392
7416
7716
7732
7500
7452
7732
8020
7704
7548
7024
7300
7292
7452
7264
7344
7376
7492
6916
6544
7188
7460
7244
6908
6836
7216
7584
7392
6768
6688
7004
6820
6628
6516
7056
6996
6764
6832
6708
6640
6780
6688
6628
6844
6712
6524
6552
6532
6784
6808
6824
6520
6504
6256
6156
6448
6776
6468
6344
6428
6404
6296
6564
6272
6304
6180
6300
6440
6484
6176
6052
6116
6124
6124
5852
5936
6060
6228
6324
6208
5772
5672
5888
6192
6132
5900
5852
5980
5788
5548
5652
5748
5868
5820
5752
5804
5756
5672
5408
5632
5600
5532
5448
5316
5508
5668
5544
5296
5056
5008
5480
5332
5108
5136
5564
5764
5236
4988
5008
5356
5332
5220
4976
4756
4984
5312
4964
4696
4420
4652
5096
4964
4424
4084
3772
4608
4688
4728
4300
4012
4016
4628
4396
4368
4156
4420
4536
4024
3660
4300
3696
3724
2608
2832
3944
4296
3804
3724
2864
3400
2984
3632
3220
1776
1464
2808
3856
3596
2144
2476
2416
3760
2792
2544
3008
3132
3872
3044
2708
3304
3300
2652
2588
2580
2544
3328
3076
3056
2940
2792
2600
2468
2564
2576
2748
2736
2540
2620
2664
2532
2596
2336
2276
2592
2480
2552
2732
2936
2544
2120
2116
2248
2440
2548
2344
2416
2356
2280
2376
2264
2296
2120
2232
2476
2228
2192
2012
1888
1792
1996
2180
1996
1988
1780
2048
2024
1888
1920
1776
1852
1848
1924
1804
1684
1648
1808
1556
1228
1300
1916
1980
1576
1644
1600
1604
1492
1664
1372
1248
1260
1224
1212
860
1140
1368
1296
1256
1200
952
760
848
724
752
888
1200
1016
656
472
500
644
596
388
388
380
336
436
492
500
560
332
96
0
24
268
24
-224
-84
128
-192
-60
-108
-236
16
-264
-280
-412
-388
-372
-12
-80
-304
-208
-296
-504
-376
-504
-560
-548
-552
-548
-808
-900
-956
-848
-768
-808
-628
-620
-948
-1056
-932
-780
-720
-824
-1264
-1348
-1032
-948
-1060
-1088
-1256
-1440
-1564
-1260
-1220
-1388
-1500
-1592
-1632
-1864
-1848
-1784
-1856
-1844
-1528
-1584
-1652
-1620
-1500
-1780
-1872
-1900
-2016
-1968
-2064
-2180
-2364
-2172
-1956
-1928
-1788
-2216
-2256
-2128
-2220
-2492
-2312
-2408
-2360
-2224
-1920
-2112
-2536
-2412
-2516
-2444
-2592
-2624
-2504
-2740
-2660
-2420
-2648
-2712
-2760
-3048
-2956
-2808
-2616
-3080
-3064
-3244
-3408
-3460
-3364
-3604
-3568
-3792
-3444
-3788
-3852
-4052
-3572
-3720
-3732
-3916
-3712
-3592
-3864
-3972
-3904
-3844
-3848
-3836
-4076
-3924
-3920
-3856
-3968
-4344
-4416
-4016
-4064
-4140
-4316
-4200
-3956
-4188
-4336
-4212
-3928
-4220
-3972
-4236
-4292
-4140
-4356
-4484
-4552
-4256
-4632
-5052
-4728
-4588
-4764
-4708
-4812
-4796
-5084
-4668
-4752
-4784
-4884
-4688
-4680
-4844
-4640
-4824
-4788
-5040
-4980
-5000
-5164
-5040
-4792
-4876
-5208
-5160
-5188
-4976
-5152
-5048
-5092
-4992
-5156
-5320
-5084
-5152
-5348
-5320
-4912
-4948
-5112
-5312
-5476
-5324
-5292
-5248
-5256
-5364
-5388
-5380
-5336
-5520
-5364
-5388
-5324
-5612
-5588
-5584
-5776
-5848
-5804
-5720
-5736
-6020
-5440
-5676
-5656
-5732
-5548
-5720
-5784
-5884
-5756
-5800
-5960
-5908
-5932
-6072
-5928
-5764
-5820
-6092
-6004
-5984
-6052
-5916
-6000
-5920
-6100
-6280
-6172
-6252
-6272
-6232
-6208
-6304
-6264
-6444
-6344
-6200
-6048
-5964
-6264
-6156
-6152
-6256
-6464
-6540
-6552
-6508
-6640
-6468
-6480
-6336
-6500
-6272
-6532
-6636
-6544
-6604
-6544
-6576
-6656
-6652
-6580
-6632
-6352
-6340
-6756
-6832
-6744
-6848
-6880
-6728
-6284
-6844
-6888
-6648
-6444
-6752
-7132
-7392
-7564
-7676
-7676
-7352
-7356
-7132
-7220
-7092
-7108
-7252
-7420
-7220
-7476
-7356
-7564
-7080
-7912
-7472
-7364
-7472
-7536
-7380
-7420
-7132
-7252
-7428
-7848
-7648
-7648
-7492
-7756
-7620
-7636
-7432
-7520
-7520
-7472
-8548
-7816
-8336
-8336
-8252
-8056
-8016
-7892
-7704
-7736
-7700
-7976
-7944
-8352
