320
308
292
256
248
284
308
268
224
284
288
296
268
256
244
276
268
308
392
344
244
244
272
272
324
268
240
208
152
220
304
328
260
284
212
276
256
216
332
280
248
204
264
296
252
344
312
332
268
304
400
516
320
228
104
288
452
296
248
308
256
356
236
288
288
316
292
356
352
256
240
288
344
232
204
224
208
264
280
324
388
256
416
248
260
444
256
316
336
204
268
284
348
280
236
316
276
224
244
288
284
328
276
264
328
252
16
280
40
288
484
268
316
220
476
312
288
236
288
308
480
324
508
324
284
276
308
288
280
300
340
240
288
8
332
252
216
208
284
320
268
328
292
312
260
260
268
300
256
276
272
276
296
308
328
236
276
300
324
252
252
292
300
308
236
304
340
224
264
292
240
340
260
248
264
260
312
292
276
236
264
308
220
324
260
240
264
276
272
280
248
292
212
288
344
276
264
352
344
240
252
336
172
260
312
324
296
312
324
164
252
308
292
328
260
264
240
272
368
264
264
264
268
304
184
244
268
216
296
296
296
264
268
232
196
252
300
276
268
256
276
252
316
252
232
276
220
256
336
284
316
296
264
268
300
368
204
240
272
204
304
260
304
292
356
272
284
292
300
276
280
268
232
216
320
360
276
320
296
300
252
276
288
340
296
284
308
268
268
296
260
308
380
272
212
232
264
280
304
304
324
288
272
332
296
292
328
236
236
320
256
288
296
292
284
268
264
244
264
232
300
252
332
272
248
312
232
268
268
312
280
292
296
192
236
328
228
220
268
300
232
320
272
312
288
340
308
292
260
252
228
268
336
308
364
184
44
168
160
464
192
-1508
456
264
-44
304
456
60
96
188
208
180
292
356
160
244
500
92
256
328
128
252
252
152
264
304
280
268
208
216
192
104
268
280
248
240
216
292
156
236
244
268
376
340
136
-56
184
548
328
104
264
208
404
220
832
232
240
480
352
236
392
568
144
336
372
176
428
324
312
344
380
472
236
360
456
284
316
456
404
372
272
308
396
260
232
240
420
356
512
468
500
792
784
644
680
748
620
724
876
624
704
800
720
740
852
812
804
980
836
1088
1008
1112
1268
1268
1228
1084
1424
1404
1304
1468
1412
1632
1636
1620
1668
1772
1884
1936
1960
2072
1892
2128
2256
2004
2204
2316
2272
2256
2404
2348
2576
2528
2492
2640
2212
2412
2968
2844
2412
2712
3168
2712
2948
2972
2896
2988
3092
3100
3172
3144
3172
3176
3296
3420
3392
3408
3348
3504
3584
3604
3744
3632
3708
3704
3816
4008
3840
3844
3756
3928
3976
4088
4200
4088
4256
4152
4420
4392
4344
4388
4376
4228
5820
2504
5128
5136
4056
4540
5076
4824
4548
4840
4920
4800
4796
4968
4944
5004
4944
5036
5004
5096
5036
5220
5084
5208
5344
5264
5180
5520
5252
5416
5436
5468
5560
5472
5588
5488
5552
5532
5644
5636
5656
5684
5772
5736
5780
5892
5784
5768
5764
5952
5996
5908
5984
6024
6132
5964
6184
6016
6028
5920
6280
6268
6296
6412
6356
6316
6512
6380
6448
6544
6500
6160
6400
6472
6484
5796
6392
7064
6284
6976
6760
6696
6816
6888
6868
7160
6960
6840
6924
7144
6756
6948
6856
6724
7056
6988
6960
6960
7040
6976
5628
9000
7432
7156
7000
6888
7348
7332
7196
7376
7316
7284
7352
7316
7312
7468
7352
7388
7536
7508
7412
7452
7544
7536
7420
7488
7520
7632
7588
7516
7596
7572
7572
7664
7648
7636
7748
7720
7696
7772
7724
7728
7844
7732
7840
7796
7784
7784
7704
7740
7908
7752
7812
7804
7700
7988
7820
7828
7892
7860
7972
7848
7980
7928
7852
8000
7776
7972
7864
7968
7968
8092
7824
8060
7844
7884
7904
7812
7904
7888
7772
7796
7804
7772
7772
7812
7724
7772
7792
7640
7596
7760
7700
7596
7736
7620
7640
7592
7512
7500
7600
7532
7512
7548
7536
7488
7540
7492
7428
7428
7364
7364
7408
7260
7356
7372
7180
7136
7276
7196
7168
7132
7136
7188
7096
7092
7084
6976
6936
7020
6912
6868
6848
6860
6852
6756
6704
6764
6688
6640
6588
6592
6552
6560
6424
6632
6412
6400
6576
6324
6304
6304
6292
6340
6232
6140
6204
6148
6140
6064
6200
6000
6008
6052
5916
5924
5896
5808
5692
5784
5640
5760
5728
5672
5484
5632
5524
5544
5456
5424
5348
5196
5456
5156
5276
5076
5096
4944
4984
4760
4692
4672
4620
4520
4480
4392
4472
4288
4248
4224
4192
4036
3964
4000
3872
3768
3748
3644
3696
3720
3500
3368
3284
3352
3404
3176
3156
3172
3132
3060
3092
2988
2984
2884
2720
2772
2576
2524
2572
2368
2344
2348
2428
2308
2172
2220
2224
2280
2044
2084
2064
1944
1792
1872
1744
1672
1764
1596
1660
1480
1532
1520
1520
1316
1348
1436
1380
1272
1368
1408
1272
1340
1344
1320
1124
1252
1268
1060
1128
1140
984
940
912
952
980
976
972
820
924
760
908
788
808
592
696
516
396
1000
696
640
592
592
436
608
320
44
832
764
356
712
484
128
860
384
296
892
360
528
308
272
392
568
612
760
404
584
492
500
620
388
584
416
544
508
504
600
508
496
512
508
572
380
552
488
512
564
384
496
492
556
432
652
680
508
604
652
348
616
496
580
228
696
432
416
576
600
300
584
716
536
604
376
392
512
388
412
492
528
540
540
388
548
388
444
512
528
468
508
480
572
308
644
440
320
612
676
532
488
468
624
344
336
576
576
560
448
456
652
560
460
472
324
524
588
400
984
640
548
572
808
344
464
704
620
656
820
212
-16
344
1012
296
460
712
840
596
572
332
888
540
880
396
480
792
-64
628
696
256
-212
984
208
1116
1072
244
580
1116
932
1024
200
796
916
604
144
504
860
764
208
568
932
676
1240
-312
1100
660
280
-196
812
724
692
228
1124
652
508
588
488
448
492
464
400
636
364
204
320
820
164
268
308
472
176
576
292
292
256
488
388
284
164
364
260
168
348
400
368
296
288
244
276
200
232
256
284
144
232
356
140
280
300
128
260
404
196
352
296
156
284
252
228
296
232
200
372
-84
60
240
364
-24
432
456
320
112
148
364
272
116
152
96
272
420
400
88
224
328
412
288
160
236
392
440
332
192
184
336
316
252
136
208
272
296
312
296
236
316
316
200
272
316
344
384
188
220
280
312
228
216
276
284
280
296
232
308
288
220
264
220
296
288
264
356
232
540
260
324
516
432
236
444
404
216
168
104
184
124
-192
-44
16
288
504
828
1124
1140
1264
1544
1612
1556
1668
1696
1936
1848
2040
1864
2160
2180
2008
2260
2552
2400
2544
2504
2656
2832
2888
2992
3212
3108
3172
3436
3384
3404
3632
3472
3580
3636
3748
3804
3732
3860
4012
4108
4200
4096
4284
4012
3952
4704
4588
4196
4372
4432
4396
4552
4648
4764
4736
4828
4632
4900
4732
4648
4980
4868
4860
4880
5092
5112
5116
5220
5248
5256
5288
5292
5440
5344
5688
5744
5736
5640
5876
5980
5884
6028
5872
6100
6084
6156
6248
5972
5992
6472
6852
6240
6328
6744
6720
6640
6860
6908
6600
6972
6752
6832
6164
7000
7396
7952
6996
7208
7456
7372
7332
7364
7408
7556
7520
7572
7556
7688
7484
7464
7464
7568
7364
7212
7268
7068
6940
7144
6836
6680
6804
6744
6520
6540
6428
6204
6480
6536
6312
6356
6308
6192
6156
6164
5940
5980
5880
5916
5784
5784
5648
5672
5684
5556
5556
5536
5440
5384
5376
5308
5056
5108
5012
4844
4960
4760
4712
4664
4512
4496
4336
4436
4120
4128
4108
4008
3836
3844
3704
3592
3416
3400
3292
3672
3156
3128
3024
2924
2948
2832
2748
2580
2612
2464
2488
2264
2360
2160
2172
1992
1884
1916
1904
1764
1820
1736
1616
1688
1524
1544
1452
1640
1444
1676
1576
1372
1792
1072
2300
740
1780
1040
1304
1156
1328
900
1024
592
1456
896
956
