16072
17612
15988
16384
16764
16656
15576
16716
16568
16452
16600
16488
16788
16544
16584
16672
16508
16612
16596
16632
16536
16668
16604
16576
16644
16656
16560
16588
16588
16628
16556
16564
16772
16472
16564
16648
16496
16624
16660
16688
16732
16996
17300
16852
16052
16236
15980
16840
16744
16672
16692
16572
16664
16844
16624
16500
16556
16716
16960
17232
17424
17656
17596
17600
17336
17028
16888
16796
16452
16620
16468
16448
16536
16280
16180
16304
16364
16668
16596
16844
16804
16768
16728
16560
16484
16456
16412
16320
16184
16056
16040
16064
16040
16036
16168
16080
16264
16292
16408
16452
16516
16460
16652
16584
16592
16808
16740
16648
16572
16500
16376
16440
16360
16224
16264
16316
16408
16324
16140
16200
16204
16260
16292
16220
16208
16184
16232
16276
16144
16260
16288
16252
16408
16476
16604
16512
16544
16612
16628
16564
16500
16500
16268
16268
16336
16304
16204
16088
16148
16012
15996
16088
16148
16056
16036
16020
16048
15972
16120
16036
16256
16208
16244
16372
16232
16156
16120
15992
16084
16256
16044
16152
15968
15884
16052
16012
16104
16076
16140
16168
15908
15916
16024
15804
15764
16072
15864
16048
15976
15940
15912
16068
15964
16056
16164
16076
16124
16000
16044
16204
16072
16184
16076
15880
15972
16176
15524
15476
15960
15632
15636
15596
15452
15780
15560
15560
15396
15708
15728
15748
15812
15844
15744
15736
15796
15772
15920
16036
15976
15916
15708
15904
15820
15492
16092
15212
15860
15164
15640
15416
15528
15644
15612
15576
15476
15588
15584
15588
15500
15372
15500
15600
15120
15660
15220
15032
14988
15408
15480
15016
15400
15280
15352
15400
15264
15344
15492
15256
15596
15720
15500
15412
15592
15172
15212
14984
15016
15248
15276
15128
15168
15236
15208
15256
15256
15008
14716
14664
14816
14988
15180
15452
15428
15452
15656
15292
15144
14728
14824
14952
14892
15080
14976
14932
14968
14992
14884
14924
14788
14832
14932
14748
14820
14948
15008
14924
15124
14884
14856
15124
15000
15080
14780
14708
14724
14768
14776
14556
14408
14312
14212
14216
14484
14344
14252
14216
14192
14316
14288
14124
14356
14236
14388
14816
14728
14884
14872
14996
15172
15044
14660
14456
14448
14832
14620
14736
14576
14836
14784
14680
14552
14712
14564
14708
14764
14880
14748
14860
14900
15076
15048
14968
15240
15504
15340
15592
15084
15028
14932
14892
15152
15200
15040
15064
15140
14972
15128
14852
14956
15052
15112
14964
14884
15128
15336
15524
15608
15308
15524
15580
15436
15592
15692
15620
15708
15660
15596
15576
15552
15676
15636
15596
15724
15436
15460
15640
15516
15692
15592
15560
15540
15748
15872
15984
16028
15912
15724
15668
15672
15544
15828
15888
15916
16140
16012
15948
16068
15976
15908
16068
15924
16004
15992
16008
16068
16004
15968
16028
16016
15980
16216
16176
16224
16076
16284
16328
16328
16308
16172
16228
16096
16124
16104
16116
16148
16224
16184
16128
16268
16220
16392
16368
16348
16240
16352
16372
16328
16372
16600
16468
16480
16420
16324
16268
16272
16156
16176
16268
16260
16360
16320
16464
16380
16264
16336
16516
16320
16456
16412
16500
16640
16576
16784
16516
16504
16424
16268
16344
16376
16448
16572
16616
16644
16468
16348
16500
16416
16552
16496
16412
16500
16704
16588
16568
16812
16688
16716
16900
16832
16904
16872
16968
16912
16796
16528
16564
16416
16412
16296
16348
16404
16540
16656
16604
16732
16648
16628
16472
16400
16608
16544
16760
16784
16864
16764
16788
16760
16804
16756
16608
16668
16532
16428
16420
16324
16576
16500
16344
16368
16288
16496
16500
16632
16908
16904
16704
16832
16884
16728
16572
16764
16460
16664
16492
16336
16664
16604
17008
16832
16516
16472
16428
16412
16220
16348
15816
18104
17776
16440
16552
16232
16448
16340
16692
16560
16600
16916
16592
16772
17128
16692
16628
16592
16508
16664
16548
16596
16640
16564
16556
16568
16580
16616
16520
16536
16600
16616
16556
16564
16660
16556
16604
16592
16532
16620
16640
16616
16620
16620
16584
16608
16620
16528
16568
16608
16620
16564
16524
16588
16596
16580
16580
16656
16576
16568
16588
16600
16616
16588
16612
16544
16524
16584
16640
16576
16660
16636
16616
16608
16568
16580
16720
16672
16624
16572
16544
16488
16676
16584
16556
16696
16460
16640
16640
16576
16316
16564
16748
16600
16644
16408
16544
16740
16772
16868
16516
16520
16720
16516
16820
16936
17200
17668
17568
17720
17252
17092
16892
16736
16960
16536
16720
16624
16536
16564
16300
16340
16552
16464
16524
16492
16460
16472
16444
16712
16512
16508
16404
16444
16544
16564
16480
16668
16396
16480
16444
16276
16508
16268
16196
16492
16352
16528
16644
16532
16440
16716
16464
16536
16652
16544
16340
16424
16340
16424
16300
16444
16296
16348
16428
16420
16280
16288
16292
16088
16200
16120
15980
16080
16040
16112
15960
16060
16228
16104
16244
16196
16228
16152
16212
16232
16396
16380
16356
16380
16276
16308
16340
16312
16292
16156
16056
15904
16016
16080
16064
15620
15988
16028
16056
15928
15980
16084
15724
15680
15808
15740
15800
15568
15676
15732
15848
15716
15716
15728
15576
15828
15720
15688
15728
15516
15548
15608
15584
15492
15640
15736
16112
15652
15568
15648
15488
15480
15612
15632
15408
15564
15476
15424
15280
15312
15304
15372
15252
15120
14980
15132
15384
15328
15384
15316
15132
15660
15320
15416
15532
15420
15528
15344
14984
14916
14852
15148
15380
15328
15160
15260
15068
15192
15096
15148
15172
15612
15456
15336
15196
15348
15428
15184
15412
15244
15072
14984
14796
14816
14724
14696
14980
14724
14960
14980
14968
14900
14528
14872
14296
14152
13904
13444
13424
13440
13484
14012
14468
14616
14848
14876
14844
14844
14724
15060
15088
15224
15168
15012
15192
15176
15128
15228
15376
15288
15244
15152
15340
15124
15132
15020
15144
15156
15152
15284
15472
15528
15612
15704
15816
15604
15584
15752
15844
15916
15800
15924
16044
15992
15836
15592
15724
15772
15724
15940
15872
15836
15996
15960
15896
16000
15816
15964
16028
15944
15776
15932
16032
16284
16188
16156
16204
16340
16156
16096
16160
16064
16100
16044
16052
16068
16208
16324
16216
16332
16620
16516
16484
16468
16408
16488
16352
16492
16400
16208
16468
16448
16496
16332
16384
16432
16464
16344
16260
16428
16512
16540
16408
16560
16524
16612
16620
16616
16628
16608
16440
16560
16596
16540
16728
16736
16556
16696
16628
16652
16896
16668
16512
16596
16600
16712
16664
16644
16668
16624
16676
16748
16828
16828
16704
16624
16824
16848
16648
16640
16716
16764
17544
17752
17008
16904
16556
16444
16544
16532
16636
16576
15192
19844
18564
16936
15540
16332
16288
16704
16708
15848
16576
16776
16336
17064
16848
16708
16744
16624
16632
16644
16584
16620
16664
16584
16556
16512
16608
16596
16652
16632
16472
16604
16616
16652
16596
16580
16612
16560
16596
16580
16528
16732
16576
16568
16568
16604
16616
16612
16604
16624
16644
16640
16616
16564
16612
16616
16592
16548
16568
16628
16544
16572
16608
16600
16548
16592
16596
16592
16596
16584
16620
16612
16660
16580
16556
16544
16564
16604
16588
16624
16636
16536
16636
16568
16520
16588
16640
16664
16580
16588
16580
16584
16564
16600
16560
16600
16644
16704
16584
16564
16564
16604
16548
16548
16620
16576
16596
16600
16584
16580
16576
16464
16636
16568
16560
16656
16592
16664
16568
16576
16572
16556
16608
16576
16532
16640
16560
16528
16688
16520
16588
16620
16568
16644
16568
16572
16628
16624
16548
16524
16636
16644
16644
16604
16616
16632
16580
16552
16592
16588
16620
16560
16612
16584
16576
16576
16644
16628
16572
16520
16592
16612
16548
16580
16608
16576
16580
16576
16552
16536
16572
16600
16580
16568
16508
16584
16496
16608
16572
16560
16560
16608
16588
16548
16608
16556
16592
16572
16592
16584
16544
16628
16572
16588
16392
16612
16548
16576
16616
16632
16516
16672
16568
16604
16672
16532
16520
16752
16476
16636
16424
16600
16584
16564
16624
16612
16600
16892
16388
16872
16596
16608
16404
16588
16848
16628
16532
16668
16620
16568
16676
16560
16588
16664
16528
16572
16572
16584
16540
16536
16580
16660
16576
16640
16600
16608
16632
16512
16556
16588
16596
16624
16532
16572
16620
16548
16608
16564
16612
16592
16588
16592
16608
16480
16560
16608
16532
16552
16612
16624
16556
16604
16600
16556
16604
16616
16592
16540
16560
16612
16604
16596
16596
16556
16612
16628
16536
16592
16580
16564
16612
16684
16532
16588
16552
16556
16660
16588
16656
16672
16640
16580
16580
16620
16580
16648
16512
16540
16584
16552
16592
16572
16580
16612
16536
16476
16620
16616
16656
16536
16660
16532
16636
16652
16536
16624
16588
16612
16624
16548
16592
16596
16500
16584
16580
16600
16608
16544
16524
16608
16632
16624
16608
16612
16604
16608
16544
16652
16636
16548
16640
16684
16520
16640
16604
16564
16608
16668
16596
16676
16552
16492
16636
16488
16652
16668
16504
16632
16536
16616
16592
16544
16572
16584
16584
16664
16540
16644
16680
16600
16620
16548
16636
16580
16636
16608
16532
16608
16668
16528
16608
16660
16616
16672
16544
16564
16664
16596
16604
16648
16592
16576
16692
16564
16520
16584
16604
16600
16576
16588
16580
16564
16616
16600
16608
16668
16560
16516
16632
16608
16540
16592
16648
16696
16584
16544
16600
16572
16532
16680
16560
16616
16604
16544
16592
16576
16640
16536
16708
16608
16564
16596
16500
16556
16568
16500
16648
