-166.000
-148.000
-130.000
-120.500
-111.000
-110.000
-109.000
-110.000
-109.000
-108.000
-109.000
-108.000
-107.000
-105.000
-105.000
-105.000
-105.000
-105.000
-101.000
-101.000
-101.000
-105.000
-106.000
-105.000
-105.000
-105.000
-105.000
-105.000
-105.000
-105.000
-101.000
-97.000
-97.000
-96.000
-96.000
-96.000
-95.000
-78.000
-65.000
-64.000
-64.000
-64.000
-64.000
-64.000
-64.000
-64.000
-64.000
-64.000
-64.000
-64.000
-65.000
-65.000
-81.000
-86.000
-89.000
-97.000
-97.000
-108.000
-108.000
-108.000
-113.000
-113.000
-113.000
-113.000
-114.000
-118.000
-120.000
-120.000
-120.000
-121.000
-121.000
-121.000
-122.000
-122.000
-122.000
-122.000
-122.000
-126.000
-126.000
-135.000
-135.000
-135.000
-135.000
-135.000
-135.000
-135.000
-135.000
-135.000
-135.000
-135.000
-129.000
-126.000
-124.000
-124.000
-120.000
-118.000
-118.000
-117.000
-117.000
-117.000
-117.000
-117.000
-115.000
-115.000
-115.000
-115.000
-115.000
-117.000
-115.000
-115.000
-116.000
-115.000
-114.000
-113.000
-113.000
-113.000
-113.000
-113.000
-113.000
-113.000
-114.000
-115.000
-115.000
-115.000
-115.000
-115.000
-116.000
-116.000
-117.000
-121.000
-122.000
-122.000
-117.000
-117.000
-116.000
-115.000
-115.000
-117.000
-117.000
-119.000
-117.000
-117.000
-117.000
-116.000
-115.000
-115.000
-113.000
-115.000
-115.000
-115.000
-115.000
-115.000
-115.000
-115.000
-113.000
-112.000
-113.000
-113.000
-112.000
-112.000
-112.000
-112.000
-112.000
-112.000
-112.000
-112.000
-112.000
-112.000
-117.000
-117.000
-117.000
-117.000
-112.000
-109.000
-108.000
-108.000
-108.000
-103.000
-103.000
-103.000
-103.000
-103.000
-105.000
-111.000
-113.000
-113.000
-111.000
-113.000
-113.000
-113.000
-113.000
-113.000
-113.000
-113.000
-113.000
-113.000
-114.000
-116.000
-117.000
-121.000
-121.000
-121.000
-121.000
-121.000
-119.000
-119.000
-119.000
-119.000
-119.000
-120.000
-120.000
-120.000
-120.000
-120.000
-120.000
-120.000
-121.000
-120.000
-121.000
-120.000
-119.000
-119.000
-118.000
-116.000
-112.000
-109.000
-108.000
-108.000
-105.000
-102.000
-102.000
-97.000
-97.000
-82.000
-61.000
-36.000
-11.000
18.000
48.000
60.000
60.000
60.000
60.000
60.000
60.000
60.000
60.000
60.000
60.000
60.000
60.000
60.000
34.000
-7.000
-36.000
-90.000
-97.000
-103.000
-103.000
-105.000
-105.000
-105.000
-106.000
-106.000
-107.000
-110.000
-111.000
-111.000
-111.000
-111.000
-116.000
-111.000
-111.000
-114.000
-114.000
-116.000
-115.000
-114.000
-115.000
-115.000
-115.000
-115.000
-115.000
-116.000
-116.000
-116.000
-117.000
-117.000
-117.000
-117.000
-117.000
-117.000
-117.000
-118.000
-117.000
-118.000
-118.000
-118.000
-118.000
-118.000
-118.000
-118.000
-118.000
-118.000
-119.000
-118.000
-118.000
-118.000
-118.000
-118.000
-117.000
-117.000
-118.000
-117.000
-114.000
-114.000
-114.000
-114.000
-114.000
-114.000
-114.000
-114.000
-114.000
-114.000
-114.000
-114.000
-114.000
-116.000
-116.000
-116.000
-116.000
-116.000
-116.000
-116.000
-116.000
-116.000
-116.000
-116.000
-116.000
-116.000
-116.000
-116.000
-116.000
-116.000
-116.000
-116.000
-115.000
-115.000
-115.000
-115.000
-115.000
-115.000
-115.000
-113.000
-113.000
-113.000
-115.000
-115.000
-113.000
-113.000
-115.000
-113.000
-113.000
-108.000
-108.000
-108.000
-113.000
-113.000
-116.000
-113.000
-116.000
-116.000
-116.000
-117.000
-117.000
-117.000
-117.000
-116.000
-117.000
-116.000
-117.000
-116.000
-115.000
-116.000
-115.000
-114.000
-114.000
-114.000
-115.000
-115.000
-115.000
-114.000
-114.000
-114.000
-115.000
-115.000
-115.000
-117.000
-118.000
-119.000
-119.000
-123.000
-124.000
-123.000
-123.000
-123.000
-124.000
-126.000
-127.000
-129.000
-132.000
-139.000
-139.000
-139.000
-141.000
-141.000
-141.000
-141.000
-141.000
-139.000
-139.000
-139.000
-136.000
-136.000
-136.000
-136.000
-135.000
-135.000
-135.000
-136.000
-136.000
-135.000
-133.000
-133.000
-133.000
-134.000
-133.000
-133.000
-132.000
-128.000
-128.000
-132.000
-132.000
-128.000
-128.000
-128.000
-132.000
-132.000
-132.000
-132.000
-133.000
-134.000
-134.000
-138.000
-138.000
-138.000
-144.000
-146.000
-146.000
-146.000
-154.000
-158.000
-163.000
-169.000
-198.000
-198.000
-206.000
-211.000
-230.000
-253.000
-256.000
-265.000
-266.000
-267.000
-272.000
-273.000
-283.000
-284.000
-288.000
-296.000
-298.000
-299.000
-308.000
-318.000
-323.000
-334.000
-337.000
-343.000
-347.000
-348.000
-359.000
-363.000
-364.000
-364.000
-364.000
-364.000
-364.000
-364.000
-364.000
-365.000
-369.000
-373.000
-382.000
-382.000
-386.000
-389.000
-389.000
-391.000
-392.000
-392.000
-392.000
-394.000
-396.000
-413.000
-416.000
-418.000
-424.000
-434.000
-446.000
-458.000
-465.000
-466.000
-467.000
-471.000
-478.000
-481.000
-482.000
-487.000
-492.000
-495.000
-497.000
-497.000
-497.000
-497.000
-497.000
-497.000
-497.000
-497.000
-497.000
-491.000
-491.000
-491.000
-491.000
-491.000
-491.000
-489.000
-487.000
-486.000
-481.000
-480.000
-475.000
-475.000
-473.000
-471.000
-463.000
-457.000
-457.000
-457.000
-457.000
-457.000
-457.000
-457.000
-457.000
-457.000
-457.000
-457.000
-457.000
-457.000
-463.000
-467.000
-467.000
-467.000
-467.000
-467.000
-467.000
-467.000
-467.000
-467.000
-469.000
-470.000
-470.000
-479.000
-479.000
-470.000
-469.000
-469.000
-465.000
-463.000
-459.000
-453.000
-446.000
-446.000
-446.000
-446.000
-446.000
-446.000
-446.000
-453.000
-461.000
-463.000
-465.000
-469.000
-469.000
-469.000
-469.000
-479.000
-480.000
-484.000
-488.000
-488.000
-489.000
-495.000
-508.000
-513.000
-516.000
-523.000
-526.000
-527.000
-529.000
-547.000
-570.000
-578.000
-585.000
-592.000
-592.000
-592.000
-592.000
-592.000
-592.000
-592.000
-592.000
-592.000
-592.000
-592.000
-592.000
-592.000
-591.000
-585.000
-574.000
-558.000
-557.000
-538.000
-528.000
-519.000
-515.000
-499.000
-492.000
-492.000
-486.000
-484.000
-431.000
-406.000
-405.000
-403.000
-401.000
-401.000
-401.000
-401.000
-401.000
-401.000
-401.000
-401.000
-401.000
-401.000
-401.000
-401.000
-401.000
-436.000
-444.000
-461.000
-464.000
-518.000
-533.000
-533.000
-533.000
-533.000
-533.000
-533.000
-533.000
-533.000
-533.000
-533.000
-533.000
-533.000
-533.000
-530.000
-497.000
-493.000
-477.000
-473.000
-462.000
-462.000
-462.000
-462.000
-462.000
-462.000
-462.000
-462.000
-462.000
-462.000
-462.000
-462.000
-462.000
-462.000
-462.000
-462.000
-462.000
-462.000
-462.000
-462.000
-462.000
-462.000
-462.000
-462.000
-462.000
-456.000
-452.000
-452.000
-452.000
-452.000
-452.000
-452.000
-452.000
-452.000
-452.000
-443.000
-439.000
-434.000
-434.000
-432.000
-432.000
-426.000
-426.000
-426.000
-426.000
-426.000
-426.000
-426.000
-426.000
-426.000
-423.000
-421.000
-420.000
-420.000
-419.000
-377.000
-359.000
-352.000
-351.000
-351.000
-343.000
-327.000
-314.000
-286.000
-230.000
-166.000
-84.000
-43.000
31.000
75.000
117.000
162.000
180.000
180.000
180.000
180.000
180.000
180.000
180.000
188.000
206.000
207.000
211.000
227.000
231.000
240.000
240.000
240.000
240.000
240.000
240.000
240.000
242.000
250.000
259.000
265.000
265.000
265.000
265.000
265.000
265.000
265.000
265.000
265.000
265.000
265.000
265.000
272.000
273.000
277.000
277.000
277.000
277.000
277.000
277.000
277.000
277.000
277.000
277.000
277.000
277.000
277.000
281.000
284.000
292.000
298.000
307.000
321.000
358.000
361.000
367.000
377.000
378.000
378.000
388.000
392.000
393.000
394.000
401.000
401.000
445.000
484.000
514.000
551.000
585.000
594.000
603.000
609.000
612.000
623.000
625.000
640.000
645.000
646.000
674.000
678.000
694.000
731.000
742.000
747.000
750.000
755.000
770.000
773.000
774.000
794.000
795.000
802.000
810.000
814.000
814.000
814.000
814.000
814.000
814.000
801.000
795.000
795.000
795.000
795.000
795.000
795.000
795.000
790.000
781.000
771.000
757.000
748.000
746.000
730.000
729.000
709.000
700.000
690.000
673.000
657.000
656.000
632.000
609.000
582.000
531.000
524.000
466.000
447.000
397.000
353.000
339.000
310.000
242.000
177.000
129.000
122.000
118.000
118.000
118.000
118.000
118.000
118.000
118.000
118.000
111.000
105.000
103.000
98.000
98.000
97.000
97.000
94.000
77.000
71.000
66.000
54.000
54.000
54.000
48.000
47.000
38.000
37.000
34.000
27.000
19.000
19.000
17.000
2.000
-4.000
-8.000
-9.000
-13.000
-13.000
-13.000
-9.000
-9.000
-9.000
-9.000
-15.000
-15.000
-15.000
-15.000
-15.000
-15.000
-15.000
-15.000
-1.000
3.000
12.000
16.000
18.000
19.000
23.000
27.000
27.000
27.000
27.000
27.000
23.000
19.000
19.000
19.000
19.000
19.000
27.000
20.000
27.000
27.000
20.000
17.000
17.000
10.000
9.000
9.000
9.000
9.000
9.000
9.000
9.000
7.000
7.000
7.000
7.000
4.000
9.000
9.000
9.000
9.000
20.000
9.000
-37.000
-37.000
-45.000
-45.000
-45.000
-45.000
-45.000
-46.000
-50.000
-63.000
-63.000
-63.000
-63.000
-63.000
-50.000
-46.000
-50.000
-50.000
-50.000
-63.000
-70.000
-70.000
-85.000
-100.000
-100.000
-100.000
-100.000
-103.000
-103.000
-103.000
-108.000
-110.000
-112.000
-114.000
-114.000
-114.000
-114.000
-114.000
-115.000
-115.000
-115.000
-114.000
-114.000
-114.000
-114.000
-115.000
-115.000
-114.000
-114.000
-114.000
-114.000
-115.000
-114.000
-115.000
-115.000
-115.000
-115.000
-115.000
-116.000
-115.000
-116.000
-116.000
-117.000
-117.000
-118.000
-119.000
-119.000
-120.000
-124.000
-125.000
-126.000
-129.000
-131.000
-131.000
-131.000
-132.000
-133.000
-134.000
-138.000
-139.000
-143.000
-143.000
-143.000
-146.000
-150.000
-150.000
-150.000
-152.000
-159.000
-160.000
-162.000
-167.000
-171.000
-176.000
-178.000
-183.000
-185.000
-186.000
-190.000
-190.000
-190.000
-192.000
-198.000
-200.000
-200.000
-235.000
-299.000
-355.000
-443.000
-550.000
-623.000
-672.000
-683.000
-684.000
-689.000
-692.000
-695.000
-696.000
-696.000
-713.000
-715.000
-723.000
-724.000
-735.000
-747.000
-747.000
-747.000
-747.000
-747.000
-748.000
-752.000
-752.000
-758.000
-767.000
-767.000
-769.000
-780.000
-801.000
-840.000
-853.000
-864.000
-887.000
-915.000
-921.000
-927.000
-935.000
-937.000
-938.000
-939.000
-939.000
-939.000
-939.000
-939.000
-939.000
-939.000
-939.000
-939.000
-938.000
-938.000
-937.000
-921.000
-921.000
-919.000
-917.000
-895.000
-891.000
-889.000
-888.000
-887.000
-873.000
-857.000
-857.000
-848.000
-848.000
-848.000
-848.000
-848.000
-848.000
-848.000
-847.000
-847.000
-837.000
-837.000
-835.000
-832.000
-832.000
-832.000
-832.000
-832.000
-832.000
-832.000
-832.000
-832.000
-832.000
-827.000
-824.000
-815.000
-801.000
-783.000
-782.000
-770.000
-759.000
-752.000
-751.000
-741.000
-734.000
-706.000
-694.000
-681.000
-648.000
-629.000
-624.000
-611.000
-561.000
-549.000
-549.000
-549.000
-549.000
-549.000
-549.000
-537.000
-537.000
-528.000
-507.000
-505.000
-505.000
-505.000
-505.000
-507.000
-507.000
-507.000
-507.000
-507.000
-507.000
-507.000
-507.000
-507.000
-510.000
-512.000
-512.000
-512.000
-512.000
-512.000
-512.000
-512.000
-512.000
-512.000
-519.000
-525.000
-531.000
-533.000
-533.000
-533.000
-525.000
-525.000
-525.000
-525.000
-525.000
-525.000
-525.000
-525.000
-525.000
-525.000
-504.000
-461.000
-461.000
-461.000
-461.000
-461.000
-461.000
-461.000
-461.000
-461.000
-461.000
-461.000
-461.000
-457.000
-444.000
-444.000
-444.000
-444.000
-444.000
-444.000
-444.000
-444.000
-444.000
-444.000
-444.000
-444.000
-444.000
-436.000
-421.000
-411.000
-410.000
-410.000
-404.000
-399.000
-399.000
-397.000
-378.000
-362.000
-362.000
-360.000
-355.000
-349.000
-346.000
-338.000
-336.000
-336.000
-336.000
-333.000
-317.000
-260.000
-237.000
-209.000
-193.000
-191.000
-141.000
-138.000
-131.000
-86.000
-83.000
-83.000
-83.000
-83.000
-83.000
-83.000
-82.000
-72.000
-64.000
-62.000
-61.000
-61.000
-57.000
-54.000
-48.000
-43.000
-43.000
-43.000
-43.000
-43.000
-43.000
-43.000
-37.000
-12.000
-10.000
10.000
17.000
17.000
27.000
48.000
52.000
53.000
54.000
61.000
61.000
65.000
77.000
80.000
82.000
90.000
93.000
117.000
124.000
178.000
202.000
211.000
213.000
225.000
227.000
229.000
236.000
238.000
240.000
249.000
253.000
259.000
259.000
259.000
260.000
266.000
266.000
310.000
363.000
422.000
477.000
541.000
602.000
602.000
602.000
602.000
602.000
602.000
602.000
602.000
602.000
602.000
602.000
602.000
602.000
594.000
559.000
546.000
481.000
468.000
419.000
395.000
386.000
372.000
349.000
339.000
337.000
333.000
331.000
324.000
314.000
277.000
269.000
235.000
171.000
149.000
122.000
38.000
38.000
31.000
28.000
27.000
23.000
15.000
9.000
9.000
7.000
7.000
6.000
5.000
5.000
2.000
2.000
2.000
5.000
7.000
7.000
9.000
9.000
9.000
16.000
16.000
42.000
42.000
43.000
57.000
80.000
98.000
126.000
159.000
163.000
178.000
178.000
188.000
195.000
200.000
248.000
291.000
348.000
378.000
388.000
412.000
436.000
446.000
460.000
476.000
490.000
494.000
528.000
592.000
629.000
650.000
666.000
674.000
683.000
695.000
698.000
706.000
717.000
738.000
750.000
756.000
785.000
844.000
853.000
862.000
865.000
866.000
867.000
871.500
876.000
876.500
877.000
883.000
889.000
890.500
892.000
896.000
900.000
