16596.000
16602.000
16596.000
16596.000
16596.000
16596.000
16596.000
16602.000
16608.000
16608.000
16608.000
16608.000
16608.000
16596.000
16608.000
16596.000
16604.000
16604.000
16604.000
16608.000
16608.000
16612.000
16612.000
16612.000
16608.000
16608.000
16608.000
16608.000
16608.000
16608.000
16608.000
16608.000
16608.000
16604.000
16596.000
16596.000
16596.000
16596.000
16604.000
16596.000
16604.000
16612.000
16612.000
16612.000
16592.000
16584.000
16584.000
16584.000
16592.000
16592.000
16592.000
16592.000
16592.000
16592.000
16592.000
16592.000
16592.000
16592.000
16612.000
16660.000
16660.000
16660.000
16660.000
16660.000
16664.000
16660.000
16660.000
16660.000
16660.000
16664.000
16664.000
16664.000
16660.000
16660.000
16664.000
16692.000
16692.000
16692.000
16708.000
16740.000
16740.000
16740.000
16740.000
16740.000
16832.000
16832.000
16832.000
16740.000
16708.000
16668.000
16708.000
16708.000
16708.000
16668.000
16660.000
16660.000
16668.000
16668.000
16636.000
16592.000
16548.000
16460.000
16460.000
16368.000
16328.000
16324.000
16324.000
16304.000
16280.000
16228.000
16112.000
16088.000
16080.000
16080.000
16040.000
16028.000
16028.000
16000.000
15908.000
15868.000
15860.000
15820.000
15808.000
15808.000
15800.000
15800.000
15808.000
15808.000
15808.000
15808.000
15800.000
15800.000
15756.000
15732.000
15720.000
15704.000
15600.000
15600.000
15600.000
15704.000
15704.000
15704.000
15736.000
15756.000
15756.000
15760.000
15756.000
15756.000
15756.000
15736.000
15736.000
15736.000
15644.000
15644.000
15644.000
15692.000
15692.000
15692.000
15700.000
15736.000
15736.000
15756.000
15760.000
15760.000
15756.000
15764.000
15764.000
15756.000
15736.000
15700.000
15692.000
15692.000
15692.000
15692.000
15700.000
15700.000
15700.000
15736.000
15800.000
15812.000
15816.000
15824.000
15824.000
15824.000
15824.000
15816.000
15816.000
15816.000
15832.000
15840.000
15948.000
15948.000
15948.000
15960.000
15960.000
15960.000
15960.000
15960.000
15960.000
15960.000
15960.000
15960.000
15960.000
15948.000
15940.000
15928.000
15904.000
15904.000
15896.000
15896.000
15896.000
15896.000
15904.000
15904.000
15896.000
15892.000
15892.000
15856.000
15812.000
15812.000
15812.000
15856.000
15892.000
15892.000
15892.000
15892.000
15892.000
15892.000
15920.000
15960.000
16020.000
16040.000
16112.000
16148.000
16216.000
16236.000
16288.000
16288.000
16316.000
16316.000
16316.000
16316.000
16336.000
16340.000
16408.000
16416.000
16416.000
16416.000
16340.000
16340.000
16340.000
16416.000
16416.000
16340.000
16336.000
16292.000
16288.000
16288.000
16280.000
16280.000
16272.000
16272.000
16272.000
16220.000
16220.000
16220.000
16272.000
16272.000
16272.000
16272.000
16272.000
16272.000
16272.000
16272.000
16220.000
16220.000
16220.000
16272.000
16272.000
16280.000
16300.000
16304.000
16304.000
16312.000
16316.000
16316.000
16316.000
16316.000
16316.000
16336.000
16400.000
16408.000
16408.000
16408.000
16432.000
16432.000
16432.000
16432.000
16456.000
16456.000
16460.000
16456.000
16432.000
16432.000
16432.000
16432.000
16456.000
16456.000
16456.000
16392.000
16456.000
16456.000
16480.000
16480.000
16456.000
16392.000
16340.000
16284.000
16224.000
16224.000
16148.000
16148.000
16112.000
16112.000
16092.000
16092.000
16112.000
16164.000
16204.000
16204.000
16164.000
16164.000
16112.000
16112.000
16164.000
16164.000
16164.000
16120.000
16120.000
16164.000
16204.000
16224.000
16232.000
16232.000
16232.000
16232.000
16240.000
16312.000
16352.000
16352.000
16312.000
16240.000
16312.000
16312.000
16352.000
16352.000
16352.000
16380.000
16400.000
16380.000
16348.000
16312.000
16312.000
16312.000
16312.000
16204.000
16184.000
16164.000
16184.000
16204.000
16260.000
16260.000
16260.000
16260.000
16284.000
16312.000
16312.000
16284.000
16260.000
16204.000
16260.000
16284.000
16284.000
16284.000
16260.000
16260.000
16260.000
16260.000
16260.000
16284.000
16284.000
16284.000
16284.000
16284.000
16284.000
16284.000
16208.000
16180.000
16176.000
16176.000
16176.000
16156.000
16156.000
16156.000
16156.000
16156.000
16156.000
16156.000
16156.000
16180.000
16208.000
16208.000
16180.000
16156.000
16140.000
16156.000
16180.000
16180.000
16224.000
16216.000
16216.000
16224.000
16300.000
16304.000
16304.000
16316.000
16316.000
16316.000
16316.000
16316.000
16316.000
16316.000
16284.000
16256.000
16224.000
16216.000
16224.000
16256.000
16284.000
16316.000
16316.000
16316.000
16316.000
16316.000
16316.000
16304.000
16304.000
16304.000
16304.000
16304.000
16304.000
16304.000
16316.000
16384.000
16396.000
16524.000
16532.000
16564.000
16584.000
16628.000
16636.000
16636.000
16636.000
16664.000
16664.000
16664.000
16664.000
16664.000
16680.000
16680.000
16692.000
16752.000
16804.000
16804.000
16804.000
16804.000
16804.000
16768.000
16760.000
16760.000
16768.000
16768.000
16768.000
16768.000
16768.000
16768.000
16768.000
16808.000
16824.000
16844.000
17052.000
17132.000
17156.000
17280.000
17296.000
17296.000
17296.000
17320.000
17320.000
17320.000
17320.000
17320.000
17320.000
17320.000
17320.000
17320.000
17320.000
17320.000
17296.000
17268.000
17128.000
16976.000
16752.000
16568.000
16460.000
16380.000
16376.000
16376.000
16252.000
16224.000
15976.000
15860.000
15860.000
15860.000
15856.000
15792.000
15748.000
15680.000
15652.000
15460.000
15448.000
15448.000
15460.000
15652.000
15652.000
15616.000
15616.000
15652.000
15680.000
15680.000
15680.000
15680.000
15680.000
15680.000
15688.000
15700.000
15700.000
15700.000
15700.000
15740.000
15832.000
15832.000
15832.000
15900.000
15924.000
15924.000
15924.000
15984.000
15984.000
15988.000
15988.000
15988.000
15988.000
15988.000
16004.000
16004.000
16004.000
15988.000
15988.000
15988.000
16004.000
16004.000
15988.000
15988.000
15988.000
16036.000
16036.000
16036.000
16040.000
16020.000
16044.000
16044.000
16100.000
16044.000
16100.000
16100.000
16100.000
16020.000
15948.000
15944.000
15944.000
15944.000
15944.000
15920.000
15904.000
15880.000
15880.000
15880.000
15840.000
15836.000
15772.000
15772.000
15688.000
15624.000
15488.000
15432.000
15400.000
15296.000
15264.000
15240.000
14880.000
14828.000
14780.000
14756.000
14724.000
14656.000
14640.000
14440.000
14240.000
14212.000
14100.000
14068.000
14048.000
14036.000
13964.000
13956.000
13732.000
13292.000
13212.000
12832.000
12712.000
12580.000
12384.000
11996.000
11304.000
11244.000
11176.000
11028.000
10964.000
10924.000
10864.000
10696.000
10688.000
10616.000
10484.000
10440.000
10236.000
10060.000
10000.000
9796.000
9656.000
9440.000
9356.000
9264.000
9012.000
8984.000
8968.000
8820.000
8776.000
8728.000
8720.000
8708.000
8480.000
8376.000
8240.000
7968.000
7748.000
7644.000
7596.000
7556.000
7280.000
7260.000
7188.000
6928.000
6900.000
6892.000
6852.000
6840.000
6728.000
6712.000
6712.000
6712.000
6668.000
6628.000
6628.000
6628.000
6628.000
6628.000
6628.000
6628.000
6608.000
6608.000
6640.000
6668.000
6668.000
6696.000
6712.000
6728.000
6748.000
6752.000
6756.000
6760.000
6832.000
6844.000
6856.000
6856.000
6856.000
6924.000
7092.000
7176.000
7364.000
7380.000
7512.000
7548.000
7692.000
7724.000
7776.000
7880.000
8176.000
8268.000
8348.000
8380.000
8496.000
8632.000
8632.000
8748.000
8784.000
8820.000
8844.000
8876.000
8876.000
8916.000
9108.000
9136.000
9136.000
9180.000
9220.000
9224.000
9264.000
9356.000
9580.000
9608.000
9620.000
9700.000
9748.000
9768.000
9920.000
9952.000
10000.000
10008.000
10008.000
10084.000
10108.000
10108.000
10148.000
10160.000
10168.000
10176.000
10184.000
10260.000
10272.000
10284.000
10332.000
10332.000
10380.000
10780.000
10832.000
10852.000
10860.000
10900.000
11092.000
11156.000
11160.000
11304.000
11320.000
11404.000
11584.000
11828.000
11956.000
11980.000
12072.000
12124.000
12156.000
12216.000
12460.000
12568.000
12596.000
12696.000
12796.000
12844.000
12972.000
12972.000
13076.000
13088.000
13312.000
13544.000
13588.000
13644.000
13644.000
13764.000
13796.000
13848.000
13888.000
13904.000
13908.000
13944.000
13996.000
14076.000
14128.000
14188.000
14208.000
14268.000
14284.000
14352.000
14512.000
14532.000
14576.000
14608.000
14700.000
14700.000
14728.000
14776.000
14780.000
14840.000
14844.000
14904.000
14904.000
14904.000
14928.000
14904.000
14904.000
14928.000
14928.000
14928.000
14928.000
14928.000
14928.000
14928.000
14928.000
14928.000
15056.000
15056.000
15080.000
15092.000
15092.000
15092.000
15080.000
15056.000
14948.000
14932.000
14932.000
14932.000
14948.000
14932.000
14932.000
14928.000
14920.000
14792.000
14792.000
14780.000
14772.000
14772.000
14744.000
14740.000
14720.000
14720.000
14668.000
14664.000
14660.000
14616.000
14616.000
14596.000
14596.000
14572.000
14572.000
14596.000
14616.000
14616.000
14616.000
14652.000
14660.000
14668.000
14668.000
14672.000
14692.000
14692.000
14692.000
14736.000
14936.000
14976.000
15020.000
15044.000
15088.000
15100.000
15104.000
15152.000
15160.000
15164.000
15184.000
15212.000
15244.000
15244.000
15244.000
15244.000
15244.000
15244.000
15204.000
15200.000
15200.000
15184.000
15184.000
15184.000
15184.000
15184.000
15184.000
15152.000
15136.000
15000.000
14928.000
14780.000
14768.000
14744.000
14704.000
14696.000
14656.000
14648.000
14576.000
14556.000
14556.000
14400.000
14384.000
14292.000
14384.000
14276.000
14252.000
14180.000
14104.000
14092.000
14064.000
14020.000
14020.000
14004.000
13916.000
13824.000
13816.000
13780.000
13648.000
13644.000
13616.000
13604.000
13512.000
13464.000
13436.000
13364.000
13300.000
13300.000
13296.000
13252.000
13156.000
13156.000
13096.000
12920.000
12900.000
12876.000
12840.000
12812.000
12792.000
12708.000
12696.000
12696.000
12692.000
12520.000
12488.000
12484.000
12228.000
12200.000
12144.000
12080.000
11792.000
11788.000
11708.000
11576.000
11512.000
11376.000
11200.000
11196.000
11152.000
11088.000
11088.000
11088.000
10968.000
10936.000
10872.000
10848.000
10848.000
10848.000
10848.000
10828.000
10824.000
10808.000
10808.000
10808.000
10808.000
10824.000
10828.000
10848.000
10964.000
10964.000
11140.000
11200.000
11228.000
11376.000
11456.000
11520.000
11552.000
11616.000
12032.000
12132.000
12208.000
12220.000
12236.000
12264.000
12348.000
12420.000
12452.000
12612.000
12684.000
12872.000
12880.000
13144.000
13308.000
13412.000
13600.000
13908.000
13924.000
13928.000
14024.000
14036.000
14056.000
14096.000
14112.000
14292.000
14368.000
14576.000
14740.000
14772.000
14936.000
14972.000
14972.000
14992.000
15076.000
15092.000
15140.000
15256.000
15308.000
15336.000
15372.000
15372.000
15372.000
15372.000
15372.000
15372.000
15392.000
15416.000
15420.000
15416.000
15416.000
15408.000
15408.000
15416.000
15416.000
15416.000
15408.000
15408.000
15408.000
15416.000
15416.000
15504.000
15504.000
15504.000
15504.000
15540.000
15572.000
15592.000
15612.000
15612.000
15612.000
15660.000
15700.000
15612.000
15736.000
15736.000
15744.000
15744.000
15780.000
16028.000
16028.000
16136.000
16188.000
16188.000
16188.000
16212.000
16212.000
16348.000
16348.000
16376.000
16492.000
16376.000
16348.000
16336.000
16336.000
16348.000
16376.000
16376.000
16376.000
16348.000
16376.000
16412.000
16412.000
16412.000
16412.000
16412.000
16412.000
16412.000
16412.000
16464.000
16492.000
16492.000
16464.000
16464.000
16412.000
16412.000
16412.000
16412.000
16464.000
16568.000
16464.000
16436.000
16412.000
16412.000
16436.000
16464.000
16436.000
16464.000
16464.000
16464.000
16532.000
16568.000
16532.000
16568.000
16532.000
16532.000
16532.000
16532.000
16532.000
16568.000
16568.000
16588.000
16588.000
16588.000
16532.000
16532.000
16588.000
16588.000
16588.000
16588.000
16588.000
16588.000
16532.000
16532.000
16588.000
16588.000
16532.000
16588.000
16588.000
16588.000
16744.000
16588.000
16744.000
16744.000
16588.000
16588.000
16532.000
16588.000
16680.000
16680.000
16692.000
16680.000
16680.000
16680.000
16680.000
16680.000
16680.000
16680.000
16680.000
16680.000
16588.000
16680.000
16588.000
16572.000
16572.000
16472.000
16472.000
16472.000
16472.000
16572.000
16572.000
16604.000
16604.000
16572.000
16572.000
16572.000
16528.000
16600.000
16600.000
16600.000
16600.000
16604.000
16604.000
16604.000
16604.000
16604.000
16600.000
16604.000
16604.000
16636.000
16636.000
16656.000
16636.000
16636.000
16628.000
16612.000
16612.000
16612.000
16616.000
16616.000
16628.000
16628.000
16628.000
16628.000
16628.000
16628.000
16628.000
16628.000
16628.000
16616.000
16628.000
16664.000
16628.000
16664.000
16664.000
16664.000
16628.000
16616.000
16616.000
16616.000
16616.000
16616.000
16616.000
16508.000
16700.000
16700.000
16728.000
16728.000
16728.000
16728.000
16700.000
16700.000
16700.000
16364.000
16700.000
16700.000
16700.000
16700.000
16364.000
16364.000
16364.000
16364.000
16700.000
16764.000
16764.000
16848.000
16764.000
16764.000
16820.000
16764.000
16648.000
16536.000
16536.000
16620.000
16536.000
16544.000
16544.000
16544.000
16620.000
16548.000
16548.000
16548.000
16592.000
16612.000
16592.000
16612.000
16612.000
16592.000
16592.000
16612.000
16592.000
16592.000
16612.000
16612.000
16620.000
16620.000
16620.000
16620.000
16664.000
16672.000
16672.000
16664.000
16664.000
16672.000
16672.000
16672.000
16652.000
16652.000
16652.000
16652.000
16604.000
16604.000
16652.000
16604.000
16604.000
16652.000
16676.000
16652.000
16604.000
16604.000
16588.000
16604.000
16604.000
16604.000
16588.000
16604.000
16604.000
16604.000
16604.000
16604.000
16604.000
16604.000
16604.000
16568.000
16568.000
16568.000
16604.000
16568.000
16604.000
16580.000
16568.000
16564.000
16564.000
16568.000
16564.000
16568.000
16568.000
16568.000
16568.000
16568.000
16568.000
16568.000
16568.000
16576.000
16576.000
16576.000
16576.000
16580.000
16580.000
16600.000
16600.000
16600.000
16600.000
16600.000
16600.000
16600.000
16604.000
16604.000
16604.000
16604.000
16604.000
16604.000
16604.000
16604.000
16600.000
16600.000
16600.000
16596.000
16600.000
16596.000
16596.000
16596.000
16584.000
16584.000
16580.000
16580.000
16580.000
16580.000
16580.000
16580.000
16584.000
16580.000
16584.000
16580.000
16568.000
16568.000
16568.000
16568.000
16560.000
16560.000
16560.000
16568.000
16560.000
16560.000
16568.000
16568.000
16568.000
16568.000
16568.000
16588.000
16588.000
16588.000
16588.000
16596.000
16588.000
16588.000
16588.000
16588.000
16588.000
16596.000
16596.000
16596.000
16596.000
16596.000
16596.000
16596.000
16596.000
16596.000
16596.000
16592.000
16584.000
16584.000
16592.000
16592.000
16584.000
16584.000
16584.000
16584.000
16584.000
16584.000
16584.000
16584.000
16584.000
16584.000
16584.000
16584.000
16584.000
16584.000
16584.000
16584.000
16584.000
16584.000
16592.000
16592.000
16600.000
16600.000
16592.000
16592.000
16600.000
16600.000
16592.000
16592.000
16592.000
16588.000
16588.000
16592.000
16600.000
16600.000
16600.000
16600.000
16596.000
16596.000
16598.000
16596.000
16598.000
16600.000
16598.000
16596.000
16592.000
16588.000
16592.000
16596.000
16592.000
16588.000
