404
-544
-568
-252
-80
-312
-8
-528
-696
-104
-280
-140
-276
-248
-248
-464
-96
-292
-320
-192
-292
-260
-304
-240
-48
-352
-264
-180
-236
-200
-340
-272
-260
-256
-132
-320
-164
-72
-248
-388
-752
-832
296
-444
-8
-480
-516
332
-480
-304
-220
-28
-372
-128
-328
-80
-104
-288
-124
-260
-536
-308
-180
-716
-20
-1104
-744
-1720
-980
380
-468
-84
-364
-312
-680
-328
-832
-216
-132
480
368
940
156
1204
-648
-2036
292
-724
-792
-8
196
-284
-428
-612
-212
-216
292
320
248
-364
352
-172
196
496
-124
312
180
44
88
232
700
52
-116
184
544
480
348
336
412
216
284
1400
576
952
416
552
-156
544
896
848
1032
456
492
660
724
1052
988
1016
996
1052
312
212
344
1088
1264
1096
908
1204
1028
1092
1176
1060
1384
1496
1356
1436
1412
1532
1884
1764
1672
1764
1368
1376
1692
1988
1940
2284
2352
2316
2140
2400
2280
2432
2344
2912
2656
2820
2564
2768
3124
3148
2872
2928
3316
3236
3436
3496
3384
3644
3932
3704
3432
3424
3508
3532
4096
4012
4084
3904
3604
3300
3648
4020
4368
3900
4056
4404
4008
3956
4872
5156
5544
4784
5676
4384
6604
4316
5296
5836
4600
5308
8560
8560
3736
1572
-1488
6832
5776
4984
5760
5404
6128
6308
6240
6120
6080
5992
6400
6748
5100
6700
6860
8500
6808
6884
7060
6576
6780
6364
6848
7572
6996
6708
6332
6860
6560
6712
6492
6600
6844
6552
6580
6644
8572
7112
7220
7636
4812
6832
6928
6532
6720
6708
7288
6996
7356
6712
6196
6308
6712
7028
6372
6184
6152
6504
6832
6720
6888
6568
6468
6480
6828
6528
6540
6368
6284
5976
7168
6628
5588
6424
6000
5812
7016
5480
6520
4764
6996
8572
6300
5936
6620
6948
5896
7512
5920
7296
7652
5800
7144
5524
5924
6780
5624
6168
6844
6892
6936
7272
7608
7684
5540
6708
4556
6404
8052
5172
4752
8104
5352
3796
6464
7516
6024
4904
5604
5512
5560
5500
4888
5972
6104
5596
5260
5460
5428
5212
5316
5428
5344
5300
5124
4856
4608
4440
4764
5352
5164
5232
4628
4916
4904
4860
4856
5124
4884
4464
4548
4520
4720
4468
4436
4088
4148
3748
4196
4084
3960
3588
3432
3608
3964
3628
3380
3052
3152
3072
3192
3300
3136
2764
2532
2736
2788
2748
2724
2560
2236
2512
2672
2516
1420
1772
1996
572
2656
3124
2880
928
956
956
1568
1368
1392
1628
1180
976
720
992
1116
876
868
368
512
676
388
300
396
264
128
-384
-172
-48
-488
-224
-260
-732
-956
-1160
-1412
-1196
-1068
-1608
-1944
-2104
-2360
-1816
-1876
-2468
-3276
-3084
-3156
-3164
-3064
-3336
-3660
-3916
-3808
-4004
-3876
-3976
-4312
-4448
-4696
-4276
-4560
-4336
-4408
-4620
-4772
-4860
-4912
-5124
-5100
-5052
-5352
-5260
-5764
-5756
-5528
-5888
-5648
-5704
-5504
-6036
-6004
-5808
-6092
-6112
-5524
-5768
-6116
-6448
-6560
-6084
-6112
-6196
-6152
-6600
-6244
-6408
-6648
-6276
-6120
-6120
-6324
-6352
-5820
-6388
-6548
-6616
-6252
-6236
-6164
-6184
-6356
-6364
-6736
-6428
-5996
-6492
-6496
-6492
-6680
-6436
-6748
-6672
-6688
-6700
-6568
-6548
-6504
-6656
-6908
-6880
-6928
-6924
-6536
-6924
-7124
-7252
-7700
-7740
-7556
-7856
-7640
-7704
-7636
-7676
-7400
-7424
-7544
-7428
-7428
-6972
-6876
-6932
-6780
-6844
-6328
-6500
-6440
-6248
-6392
-6308
-5972
-6068
-5920
-5668
-5300
-5268
-4892
-4824
-4720
-4596
-4412
-4612
-4604
-4684
-4492
-4536
-4456
-4340
-4216
-4264
-3936
-3416
-3512
-3520
-3112
-3092
-3072
-3304
-3268
-2428
-2672
-2848
-2980
-2956
-2668
-2280
-2508
-2520
-2216
-2060
-1872
-2420
-2300
-1848
-1596
-1804
-1976
-2220
-2028
-1888
-1288
-1180
-1460
-1340
-1120
-1168
-848
-680
-1248
-1136
-756
-812
-1424
-1016
-412
-524
-784
-808
-556
-172
-72
-700
-872
-116
228
-212
-80
-224
4
76
160
-300
-148
68
-56
-72
-280
204
392
396
596
232
12
524
544
792
1080
992
828
1020
864
600
28
104
248
380
600
580
780
708
684
804
684
564
780
660
672
788
1248
1052
608
496
632
480
624
488
252
-296
72
48
-8
200
68
468
192
204
96
32
208
36
208
-32
-68
152
256
32
-344
-256
-408
-556
-444
-696
-804
-844
-696
-676
-836
-704
-956
-916
-816
-612
-788
-1172
-1272
-1332
-1796
-1540
-1220
-1212
-1276
-1272
-1232
-1412
-1760
-1660
-1632
-1292
-1572
-1660
-1720
-1984
-2236
-2208
-2192
-1896
-2336
-2312
-2224
-1800
-1732
-1464
-1500
-1880
-2044
-2312
-2360
-2108
-2240
-2360
-2276
-2180
-2308
-2412
-2184
-1704
-1772
-2144
-2204
-1988
-1832
-1460
-1556
-1540
-1676
-1844
-2356
-1984
-1756
-2076
-2136
-2156
-1860
-1532
-1344
-1448
-1712
-1792
-1860
-2004
-1860
-1684
-1672
-1948
-1732
-1620
-1844
-1908
-1900
-2024
-1720
-1520
-1684
-1764
-1880
-1860
-1844
-2156
-1716
-1560
-1616
-1768
-1436
-1492
-1548
-2168
-2160
-1296
-1780
-2076
-1540
-2320
-2288
-2000
-1756
-2280
-1964
-1696
-1456
-1612
-1640
-1844
-1616
-1572
-1504
-1424
-1436
-1280
-908
-1020
-20
-1564
236
464
-300
-1832
-1132
-368
420
-924
132
648
-1248
-740
1308
548
-288
364
716
2120
1348
1952
-6148
676
3332
-1656
2256
9952
4016
-2516
-4244
-1792
224
-4
-4088
7936
2560
-132
-716
2828
7036
1744
-392
248
176
16
1204
3560
1876
1368
2092
-2208
-4564
-1336
1752
-7516
-3156
188
-5840
-4972
-60
1616
2532
1640
-308
2232
1060
4204
92
2316
-904
-1880
888
-3636
364
-3896
-1124
-4524
3972
5952
-1036
3936
6524
5236
5040
-188
-5664
-348
-5528
-7216
3276
1884
-3124
28
-4736
-1924
3080
-7404
14500
10188
-2712
584
-4112
8608
-4008
1228
-2736
-6148
3936
5196
6524
2624
-8020
-5012
492
952
0
2824
948
4236
5564
6288
-2584
-1832
4884
3192
1532
7664
828
-1960
-200
3788
4608
2732
1448
676
824
1268
-2296
-4024
-1832
1004
-836
-2036
-976
-1248
-1744
908
-2704
1808
628
2528
-1860
-1596
4216
3440
1036
3804
5764
3184
-256
-520
5284
528
888
1744
2028
-68
-32
768
1340
1528
476
344
-1060
2040
184
-352
-472
-884
-592
-416
-120
-444
-280
-696
-456
-168
-616
-640
-640
-332
-76
-692
-304
-660
-612
-136
456
-508
-452
-16
-4
-264
-196
-600
-272
-128
-28
-520
-800
-148
-500
-260
256
-472
-136
-256
-384
92
-320
-352
-192
-684
-28
-552
-276
-660
-12
-368
-136
-512
-300
424
-492
-644
-100
-136
84
-156
-564
-192
-644
-768
-872
-416
-64
-292
132
-440
-644
40
188
-468
-624
-448
-44
-352
-248
-176
-120
-168
-192
128
-564
136
12
-40
764
-1140
-1164
-128
-220
-392
396
-104
-84
64
-948
372
-664
-1464
-572
-1128
-736
92
-44
-472
-648
368
-356
-548
-992
704
-576
-408
-424
-1032
-12
20
-280
20
-680
-1792
84
-416
776
52
-456
-828
140
0
44
140
-212
-332
-312
-216
-124
-156
-116
-368
-384
40
-136
-516
-320
-148
-176
-208
-324
-476
-144
-40
-352
-192
-196
-484
-900
-104
-1176
-792
240
-560
36
-304
-476
-372
-420
-336
-180
-400
-120
-320
-284
-128
-520
-176
-164
-332
-340
-260
-568
-228
-72
-492
-368
-216
-224
-364
-248
-192
-208
-216
-196
-268
-304
-252
-252
-240
-280
-236
-292
-184
-200
-216
-312
-260
-264
-276
-192
-252
-176
-240
-288
-260
-260
-292
-232
-236
-332
-296
-100
-264
-256
-220
-364
-196
-180
-200
-256
-264
-204
-372
-252
-168
-236
-304
-144
-140
-344
-304
-172
-168
-332
-96
-348
-296
-180
-228
-252
-340
-220
-320
-392
-236
-276
-248
-336
-236
-240
-264
-328
-176
-200
-292
-284
-232
-328
-296
-356
-360
-204
-268
-304
-240
-192
-208
-252
-304
-220
-252
-244
-204
-260
-328
-244
-232
-288
-236
-248
-264
-236
-208
-220
-304
-260
-216
-256
-296
-128
-340
-252
-236
-268
-196
-236
-176
-336
-316
-172
-244
-300
-252
-236
-284
-324
-196
-360
-320
-204
-168
-192
-272
-276
-284
-240
-236
-212
-316
-256
-208
-240
-316
-124
-252
-336
-148
-184
-196
-316
-84
-264
-168
-248
-256
-288
-232
-204
-304
-312
-296
-288
-216
-212
-232
-260
-272
-288
-300
-300
-260
-136
-280
-296
-148
-168
-208
-256
-208
-300
-204
-140
-196
-280
-196
-220
-336
-196
-232
-148
-324
-192
-168
-412
-252
-228
-376
-232
-184
-296
-328
-244
-320
-192
-252
-304
-312
-232
-172
-44
-344
-152
-20
-316
-308
-80
-420
-316
-440
-476
-228
-212
-248
-312
-124
-140
-232
-336
-232
-296
-216
-248
-128
-188
-260
-188
-272
-316
-260
-316
-240
-260
-232
-324
-236
-204
-172
-268
-248
-248
-288
-328
-152
-280
-284
-268
-248
-312
-260
-184
-308
-180
-124
-184
-296
-236
-168
-244
-228
-180
-248
-272
-168
