-260
400
-612
192
-36
-420
-272
-396
-32
-176
-516
-116
-336
-232
-108
-440
-88
-288
-264
-292
-252
-176
-412
-336
-224
-380
-316
-116
-240
-236
-228
-296
-264
-280
-236
-268
-340
-220
-152
-256
-344
-148
-196
-444
-84
-352
-188
-16
-376
-104
-80
-136
-408
-84
212
68
-92
-928
952
-1192
-516
-284
-372
-184
-172
-460
-672
68
300
-76
244
-964
-248
32
-104
-796
-832
-1528
-264
-1084
-1996
-2216
-1448
-1088
-1516
-1696
-2052
-2100
-1912
-1916
-2244
-2108
-2744
-2340
-2676
-3244
-3108
-3176
-3048
-2740
-3512
-3956
-3620
-3768
-3324
-3064
-2500
-3032
-3780
-3412
-2784
-2476
-2728
-3684
-3604
-3524
-4432
-3644
-4032
-4444
-3988
-4232
-3968
-4348
-4192
-4072
-4588
-4796
-4804
-4488
-3948
-4468
-4804
-4944
-5012
-5052
-4736
-4888
-5232
-5120
-5168
-4652
-5260
-4328
-5256
-5188
-6036
-5592
-5568
-5392
-5368
-5220
-5816
-5748
-6504
-5956
-6276
-5512
-5452
-5424
-6172
-5864
-6284
-7020
-6412
-6352
-6304
-6060
-5776
-5744
-5776
-5712
-5956
-5768
-6028
-5736
-5732
-5660
-5964
-5712
-5756
-5816
-5548
-5696
-5920
-5608
-5528
-5436
-6316
-5596
-5744
-5636
-5448
-7540
-8408
-6408
-5728
-5620
-4728
-4916
-5168
-5400
-5136
-5068
-5416
-5356
-5692
-5480
-5396
-4928
-5232
-5316
-5040
-5200
-4892
-5404
-5040
-4524
-4748
-4812
-5176
-5244
-5324
-4912
-4532
-4804
-4900
-4628
-4408
-4424
-4784
-4784
-4620
-4888
-4284
-4144
-4100
-4036
-4068
-4676
-4016
-4512
-4092
-4176
-4164
-3968
-4600
-3396
-3792
-4056
-4120
-4212
-3656
-4564
-3416
-3612
-4172
-3932
-3600
-3792
-3412
-3824
-3840
-3148
-4264
-3500
-3528
-3320
-3916
-3808
-3536
-2960
-3912
-3408
-3088
-3376
-3280
-3116
-3564
-3552
-3280
-2712
-2720
-3044
-3280
-3252
-3392
-2812
-2984
-3200
-3028
-3052
-3084
-3240
-2908
-2792
-2492
-2744
-2964
-2324
-3364
-3608
-3848
-4572
-2452
-4312
-3188
-3940
-3912
-2420
-3068
-3300
-3664
-3040
-2880
-3536
-2588
-2340
-3824
-3556
-2580
-3020
-3744
-3380
-3960
-4452
-3980
-3584
-1448
-3256
-3384
-3608
-3728
-4500
-4320
-4144
-4468
-4308
-4344
-4456
-4408
-3612
-3360
-4420
-5132
-4328
-3888
-3992
-4268
-3964
-4168
-3964
-3912
-3764
-4040
-3816
-3692
-4360
-4556
-4584
-4464
-4400
-4420
-3952
-4472
-4140
-3668
-3368
-3444
-3580
-3776
-3744
-3636
-3440
-3544
-4060
-3848
-3912
-4224
-3824
-3884
-3980
-3584
-3052
-3672
-3748
-3280
-3196
-3236
-3064
-3912
-4356
-4264
-3848
-4072
-4020
-3844
-4212
-4164
-4448
-4512
-4156
-4084
-4240
-3996
-3932
-4112
-3596
-3800
-3760
-4068
-3524
-3728
-3948
-4012
-3616
-3908
-4016
-3824
-3748
-4068
-3848
-3952
-3748
-4312
-4536
-3616
-3412
-3584
-3588
-4020
-3492
-3616
-3960
-3924
-3344
-3644
-3608
-3768
-3832
-3432
-3376
-3644
-3772
-3760
-3372
-3324
-3316
-2788
-3436
-3020
-3340
-3584
-3324
-3424
-3264
-3244
-3004
-3156
-3288
-3440
-3308
-3204
-2956
-3728
-3360
-3148
-3048
-3072
-3028
-3008
-2668
-2756
-2352
-2544
-3220
-2968
-2820
-2484
-2836
-2104
-2548
-2408
-2620
-2860
-2284
-2580
-2572
-2604
-2348
-2592
-2492
-2444
-2592
-2604
-2588
-2860
-2552
-2032
-1956
-2204
-2612
-2724
-2856
-2680
-2192
-2168
-2372
-2380
-2480
-1988
-1648
-1296
-1560
-1820
-1844
-1740
-1604
-1412
-888
-1076
-1340
-1628
-1364
-836
-388
-676
-804
-912
-920
-572
116
16
-804
-528
100
188
340
-100
-416
-768
-788
-52
-132
-636
0
584
608
224
-180
-496
-8
-312
-632
-652
-424
112
-28
-576
-1128
-1028
-244
184
136
-412
-584
-908
-568
-1592
-2516
-1844
-1264
-1272
-1744
-2056
-2092
-1784
-1560
-1784
-2056
-2556
-2732
-2672
-2740
-3260
-3704
-4332
-4408
-4216
-4260
-4048
-4344
-5192
-5872
-5520
-5664
-5400
-5788
-5976
-6548
-6460
-6572
-6552
-6824
-7308
-7284
-7600
-7880
-7708
-7424
-7720
-8172
-8252
-8612
-8580
-8560
-8568
-8836
-8836
-8836
-8748
-9236
-9400
-9736
-9612
-9352
-9304
-9196
-9712
-9964
-10532
-10720
-10668
-10460
-9968
-9744
-10480
-10728
-10940
-10868
-10436
-10236
-10272
-10680
-11028
-11068
-11292
-11032
-10696
-10300
-11048
-11252
-11316
-11172
-10936
-10820
-10912
-11024
-11028
-10952
-10896
-10564
-10832
-11216
-10388
-10664
-10568
-10676
-11176
-11092
-10440
-10488
-10412
-10156
-10072
-10348
-10688
-10688
-9828
-9664
-9724
-9864
-9860
-9952
-9760
-9968
-9832
-9880
-9880
-9952
-9756
-9588
-9792
-9696
-8980
-9288
-8736
-8960
-8860
-8880
-8536
-8504
-8444
-8412
-7996
-8032
-8140
-7704
-7616
-7228
-7472
-7100
-6768
-6740
-6404
-6692
-6420
-6640
-5900
-5804
-5604
-5272
-5244
-5160
-4692
-4616
-4220
-4176
-4092
-3888
-3472
-3508
-2800
-3048
-2696
-2228
-2080
-1872
-1704
-1644
-1140
-1024
-544
-132
-36
84
440
520
728
1120
1328
1320
1868
2004
1904
2208
2432
2544
2980
3160
3124
3428
3676
3968
3772
4204
4320
4532
4792
4468
4704
4856
5108
5244
5548
5344
5588
5772
6008
6160
6316
6244
6356
6980
6776
7148
7528
7024
6920
7132
7068
7372
7556
7380
7528
7576
7672
7664
7736
8000
7792
7992
7892
7736
7872
8200
7972
7940
7612
7416
7700
7080
6996
7088
7360
6636
7040
7468
6300
6788
6276
6232
6316
6396
6360
6612
5900
5780
5612
5512
5608
5560
5368
5188
5200
5352
4980
4880
4824
4736
4252
4308
4216
4240
4240
4016
3812
3496
3596
3284
3272
3196
2920
2912
2696
2344
2176
2112
2124
1708
1504
1404
1272
412
1060
704
648
664
236
-532
-128
-564
-736
-860
-1256
-1472
-1768
-2276
-1812
-1420
-1920
-2364
-2776
-2956
-2700
-2832
-3052
-3796
-4020
-4336
-4356
-4500
-4636
-5216
-5600
-6084
-6052
-6696
-6704
-6208
-6324
-6232
-6888
-7136
-7404
-7252
-7636
-8052
-9556
-8468
-8396
-8752
-8276
-8432
-8720
-8980
-8172
-8160
-9100
-8844
-9600
-9548
-9112
-8456
-8304
-8728
-9280
-9108
-8964
-8632
-7916
-8464
-8240
-8908
-8436
-8740
-8792
-8544
-7732
-8012
-8116
-8560
-10624
-8196
-7804
-7380
-8064
-8816
-8528
-7932
-8148
-8304
-8532
-7696
-7632
-7572
-7796
-8180
-7992
-7860
-7916
-7652
-7444
-7796
-7300
-7892
-7784
-7448
-7460
-7916
-7732
-7804
-7832
-7952
-7972
-7972
-8044
-8104
-8068
-8016
-7772
-7960
-7932
-7660
-7716
-7972
-7908
-7884
-7908
-7928
-7824
-7664
-7788
-7692
-7424
-7292
-7252
-7268
-7828
-7904
-7668
-7548
-7608
-7872
-8120
-8020
-8364
-8356
-8036
-8084
-8664
-8372
-9136
-8956
-9160
-8724
-9500
-9056
-9964
-9404
-9664
-9528
-9532
-10276
-9692
-10244
-10316
-9776
-9084
-8796
-9620
-9552
-10060
-9700
-9224
-8680
-8380
-8948
-8916
-8912
-8556
-8728
-8628
-8300
-8300
-7064
-8928
-8884
-8064
-8172
-8356
-8220
-8744
-7964
-7488
-8096
-7444
-7540
-7516
-7280
-7272
-7092
-6644
-7200
-6972
-6656
-6644
-6412
-6324
-6236
-5860
-6004
-5936
-5948
-5804
-5960
-5652
-5256
-4844
-4472
-4500
-4576
-4828
-4296
-4100
-3624
-4252
-4672
-4688
-4448
-4236
-4248
-4240
-4376
-2708
-7860
-7504
-5664
-5484
-3832
-7956
-3948
-4652
-8476
-2660
-3192
-2800
-836
-3648
-6544
-1736
-3672
-3136
-2860
-3200
-2444
-2496
-2912
-5076
-1940
-2368
-2520
-2128
-236
-1316
-1940
-1380
2020
-2180
-4152
-388
-2504
-2428
-2536
-1420
-3480
-2936
-1428
-1124
-1716
-1188
-32
-1860
-3192
-6020
-1224
-728
-644
452
-1412
-1656
-1276
-6164
-1132
-636
-4256
-1252
-2624
-2384
-1360
-384
-2196
-2116
728
-2028
-548
-2596
-3056
-3560
-3276
-572
-804
-512
-696
-3388
-268
1104
-1912
-1356
-216
-316
-784
72
-1252
960
-108
-992
768
-572
-224
-392
832
372
-936
-124
0
-1356
-92
-328
1168
300
748
1844
512
428
-28
-696
-132
828
216
-980
2140
48
2408
-4532
1160
-2184
-256
648
168
76
-1488
-2180
-1664
-1008
544
1928
-1076
148
240
-1096
-920
152
-32
-876
-208
-304
-108
240
296
-1464
-160
516
196
432
2444
1320
496
3272
-1164
-876
3996
-112
-264
-1584
464
-1112
-772
-1656
424
1252
2192
2456
-436
532
-1756
4212
3140
236
-3160
-1784
120
3380
-1468
-2572
-1188
-2656
424
-540
4048
-1512
-668
-312
-1004
-1364
-872
800
1224
-872
-296
376
60
1252
504
64
4
1280
704
-564
48
-508
-184
-1064
-296
-24
336
-124
-328
-160
208
-204
-964
-380
-708
-84
-324
-1168
-164
-120
-208
200
-2208
-556
284
-1144
-180
-1132
632
-104
-312
124
-16
-216
-184
-140
-808
-288
0
-1524
-568
-692
-888
-996
-512
472
-504
-392
-776
-176
808
-712
-96
-1292
-168
1488
-548
248
116
-540
-352
-108
-156
-144
-500
-60
-72
-192
-324
-120
-232
-376
80
-660
-292
-124
-344
-52
-348
-444
-56
-204
-416
96
-428
-236
-32
-328
-328
-312
-316
-96
-144
-228
112
-304
-328
-248
-356
-444
-100
196
192
-400
-348
-144
-128
-44
-564
-128
248
-580
-180
-136
-456
-172
-108
-236
-108
-104
-160
-420
-408
-288
-184
-292
-184
-248
-260
-264
-196
-292
-316
-356
-288
-192
-216
-272
-352
-304
-164
-208
-240
-260
-72
-412
-320
-256
-372
-296
-176
-228
-320
-160
-236
-324
-332
-208
-232
-284
-176
-192
-344
-248
-192
-312
-232
-204
-304
-332
-296
-260
-284
-220
-140
-64
-288
-20
-244
-356
-16
-172
-256
-8
-500
-280
-192
-292
-224
-12
-492
-228
-432
-272
-216
-96
-360
-24
-316
-8
-180
