4048.000
4010.000
3972.000
3952.000
3932.000
3906.000
3880.000
3850.000
3820.000
3804.000
3788.000
3782.000
3776.000
3696.000
3616.000
3556.000
3552.000
3528.000
3400.000
3392.000
3380.000
3336.000
3292.000
3292.000
3168.000
3168.000
3144.000
3120.000
3036.000
2912.000
2880.000
2860.000
2792.000
2768.000
2688.000
2684.000
2648.000
2580.000
2500.000
2412.000
2376.000
2364.000
2312.000
2272.000
2232.000
2152.000
2112.000
2100.000
2092.000
2092.000
2004.000
1992.000
1964.000
1880.000
1828.000
1804.000
1696.000
1648.000
1600.000
1564.000
1544.000
1516.000
1468.000
1456.000
1444.000
1388.000
1372.000
1320.000
1300.000
1296.000
1288.000
1280.000
1252.000
1208.000
1156.000
1144.000
1068.000
1048.000
1020.000
1008.000
980.000
968.000
940.000
936.000
936.000
928.000
928.000
928.000
928.000
920.000
916.000
864.000
860.000
856.000
836.000
832.000
832.000
820.000
764.000
720.000
708.000
672.000
672.000
672.000
672.000
632.000
628.000
616.000
580.000
580.000
564.000
564.000
564.000
564.000
564.000
564.000
564.000
564.000
564.000
564.000
516.000
472.000
440.000
516.000
440.000
440.000
428.000
336.000
336.000
356.000
356.000
352.000
352.000
352.000
336.000
336.000
300.000
296.000
296.000
296.000
296.000
300.000
336.000
352.000
352.000
356.000
356.000
368.000
368.000
368.000
368.000
376.000
396.000
388.000
388.000
388.000
388.000
388.000
376.000
376.000
368.000
376.000
376.000
376.000
376.000
376.000
376.000
376.000
376.000
376.000
372.000
372.000
376.000
372.000
372.000
376.000
384.000
384.000
372.000
384.000
384.000
404.000
404.000
404.000
404.000
404.000
384.000
384.000
372.000
360.000
360.000
348.000
332.000
328.000
324.000
316.000
312.000
312.000
316.000
316.000
308.000
304.000
288.000
288.000
288.000
288.000
264.000
260.000
252.000
252.000
252.000
252.000
252.000
232.000
224.000
212.000
220.000
220.000
212.000
212.000
208.000
204.000
200.000
192.000
192.000
192.000
200.000
200.000
200.000
204.000
208.000
212.000
212.000
212.000
208.000
204.000
208.000
204.000
220.000
220.000
220.000
220.000
204.000
208.000
208.000
208.000
216.000
220.000
220.000
220.000
220.000
216.000
208.000
208.000
204.000
200.000
200.000
200.000
200.000
200.000
200.000
200.000
200.000
196.000
196.000
200.000
200.000
200.000
200.000
200.000
200.000
200.000
200.000
200.000
200.000
200.000
200.000
200.000
200.000
200.000
200.000
200.000
200.000
200.000
200.000
200.000
200.000
200.000
200.000
200.000
200.000
200.000
200.000
200.000
200.000
200.000
200.000
200.000
196.000
200.000
200.000
200.000
200.000
200.000
200.000
200.000
200.000
196.000
200.000
200.000
200.000
196.000
196.000
200.000
200.000
204.000
204.000
204.000
204.000
208.000
204.000
204.000
204.000
208.000
208.000
208.000
200.000
200.000
196.000
200.000
196.000
196.000
200.000
196.000
196.000
192.000
196.000
196.000
188.000
188.000
180.000
180.000
180.000
180.000
180.000
180.000
180.000
180.000
180.000
180.000
180.000
180.000
180.000
172.000
172.000
176.000
176.000
172.000
168.000
176.000
172.000
164.000
164.000
172.000
176.000
176.000
176.000
176.000
176.000
184.000
184.000
188.000
184.000
184.000
184.000
184.000
188.000
196.000
196.000
188.000
188.000
188.000
196.000
196.000
196.000
204.000
204.000
208.000
208.000
208.000
208.000
208.000
212.000
220.000
224.000
236.000
248.000
248.000
236.000
220.000
232.000
232.000
220.000
220.000
220.000
232.000
236.000
236.000
260.000
260.000
272.000
288.000
288.000
300.000
336.000
336.000
348.000
356.000
488.000
512.000
596.000
604.000
616.000
648.000
660.000
688.000
716.000
744.000
816.000
892.000
912.000
912.000
1008.000
1040.000
1056.000
1120.000
1124.000
1140.000
1180.000
1264.000
1272.000
1276.000
1288.000
1336.000
1344.000
1348.000
1364.000
1420.000
1480.000
1536.000
1556.000
1580.000
1656.000
1680.000
1692.000
1700.000
1724.000
1740.000
1768.000
1776.000
1792.000
1824.000
1832.000
1876.000
1880.000
1900.000
1904.000
1928.000
1932.000
2008.000
2008.000
2160.000
2176.000
2252.000
2272.000
2296.000
2312.000
2320.000
2356.000
2448.000
2480.000
2528.000
2532.000
2540.000
2544.000
2584.000
2668.000
2688.000
2844.000
2924.000
2984.000
3036.000
3136.000
3208.000
3208.000
3364.000
3368.000
3376.000
3416.000
3464.000
3500.000
3592.000
3612.000
3664.000
3724.000
3784.000
3808.000
3872.000
3884.000
3968.000
4036.000
4116.000
4136.000
4148.000
4208.000
4408.000
4468.000
4472.000
4488.000
4504.000
4636.000
4676.000
4724.000
4756.000
4848.000
4852.000
4948.000
4952.000
5112.000
5120.000
5140.000
5152.000
5224.000
5244.000
5252.000
5272.000
5272.000
5284.000
5328.000
5332.000
5376.000
5428.000
5456.000
5460.000
5476.000
5636.000
5652.000
5680.000
5732.000
5804.000
5820.000
5844.000
5860.000
5860.000
5884.000
5900.000
5940.000
5956.000
5976.000
5996.000
6012.000
6012.000
6044.000
6128.000
6136.000
6180.000
6248.000
6260.000
6260.000
6268.000
6280.000
6280.000
6356.000
6424.000
6444.000
6448.000
6468.000
6492.000
6520.000
6568.000
6612.000
6616.000
6664.000
6688.000
6732.000
6736.000
6816.000
6856.000
6880.000
6884.000
6884.000
6896.000
6904.000
6992.000
6992.000
7060.000
7096.000
7104.000
7124.000
7152.000
7168.000
7248.000
7288.000
7292.000
7372.000
7388.000
7400.000
7424.000
7432.000
7452.000
7520.000
7560.000
7580.000
7592.000
7596.000
7604.000
7652.000
7668.000
7668.000
7724.000
7752.000
7764.000
7788.000
7828.000
7872.000
7892.000
7896.000
7932.000
8020.000
8036.000
8036.000
8092.000
8108.000
8128.000
8168.000
8224.000
8236.000
8236.000
8300.000
8316.000
8324.000
8328.000
8348.000
8380.000
8396.000
8404.000
8436.000
8440.000
8488.000
8488.000
8492.000
8580.000
8588.000
8600.000
8600.000
8612.000
8636.000
8668.000
8668.000
8692.000
8692.000
8692.000
8724.000
8736.000
8736.000
8736.000
8736.000
8736.000
8736.000
8724.000
8692.000
8668.000
8668.000
8668.000
8668.000
8656.000
8656.000
8644.000
8644.000
8644.000
8576.000
8564.000
8556.000
8552.000
8548.000
8492.000
8488.000
8460.000
8420.000
8360.000
8348.000
8316.000
8296.000
8288.000
8284.000
8252.000
8240.000
8168.000
8148.000
8148.000
8116.000
8108.000
8096.000
8044.000
8040.000
7992.000
7972.000
7964.000
7944.000
7924.000
7916.000
7880.000
7848.000
7792.000
7752.000
7704.000
7684.000
7628.000
7608.000
7572.000
7512.000
7460.000
7396.000
7372.000
7372.000
7356.000
7336.000
7328.000
7324.000
7268.000
7204.000
7144.000
7056.000
7032.000
6868.000
6864.000
6804.000
6732.000
6724.000
6688.000
6608.000
6604.000
6564.000
6524.000
6420.000
6332.000
6308.000
6276.000
6272.000
6244.000
6144.000
6092.000
6068.000
6044.000
5928.000
5916.000
5912.000
5912.000
5792.000
5776.000
5752.000
5668.000
5604.000
5528.000
5500.000
5496.000
5492.000
5456.000
5440.000
5408.000
5320.000
5208.000
5204.000
5136.000
5052.000
5036.000
5020.000
5008.000
4848.000
4836.000
4832.000
4824.000
4824.000
4684.000
4624.000
4560.000
4524.000
4500.000
4436.000
4424.000
4344.000
4308.000
4288.000
4264.000
4256.000
4164.000
4112.000
4104.000
4092.000
4052.000
3968.000
3960.000
3956.000
3884.000
3800.000
3760.000
3736.000
3660.000
3648.000
3512.000
3504.000
3496.000
3384.000
3312.000
3152.000
3120.000
3088.000
2960.000
2924.000
2784.000
2776.000
2748.000
2680.000
2640.000
2524.000
2512.000
2480.000
2432.000
2412.000
2408.000
2404.000
2300.000
2148.000
2092.000
2064.000
2016.000
1992.000
1980.000
1980.000
1964.000
1888.000
1868.000
1860.000
1852.000
1748.000
1628.000
1624.000
1552.000
1528.000
1512.000
1468.000
1464.000
1424.000
1412.000
1356.000
1324.000
1324.000
1312.000
1308.000
1292.000
1292.000
1288.000
1236.000
1184.000
1128.000
1088.000
1052.000
1020.000
1020.000
968.000
968.000
912.000
900.000
876.000
872.000
864.000
864.000
856.000
856.000
840.000
820.000
816.000
788.000
776.000
772.000
760.000
760.000
760.000
736.000
720.000
716.000
716.000
712.000
700.000
688.000
684.000
684.000
648.000
644.000
644.000
644.000
644.000
644.000
640.000
640.000
640.000
640.000
640.000
640.000
624.000
624.000
612.000
592.000
576.000
572.000
560.000
560.000
548.000
548.000
544.000
536.000
516.000
508.000
500.000
468.000
448.000
436.000
436.000
444.000
444.000
444.000
448.000
444.000
444.000
436.000
436.000
444.000
444.000
444.000
444.000
444.000
444.000
444.000
436.000
404.000
404.000
404.000
404.000
444.000
444.000
444.000
444.000
444.000
404.000
404.000
444.000
404.000
444.000
404.000
404.000
404.000
400.000
396.000
396.000
396.000
396.000
388.000
396.000
388.000
384.000
388.000
388.000
388.000
384.000
384.000
384.000
384.000
388.000
384.000
384.000
384.000
384.000
384.000
388.000
408.000
436.000
436.000
436.000
436.000
436.000
436.000
436.000
436.000
444.000
448.000
448.000
444.000
456.000
456.000
456.000
456.000
456.000
444.000
444.000
456.000
444.000
444.000
436.000
436.000
436.000
436.000
428.000
428.000
428.000
424.000
408.000
408.000
404.000
404.000
392.000
380.000
372.000
352.000
300.000
300.000
296.000
284.000
268.000
260.000
260.000
256.000
256.000
256.000
252.000
248.000
236.000
232.000
236.000
232.000
224.000
224.000
224.000
220.000
216.000
216.000
216.000
208.000
216.000
216.000
216.000
216.000
208.000
208.000
204.000
200.000
188.000
188.000
188.000
188.000
188.000
188.000
188.000
188.000
188.000
188.000
188.000
188.000
188.000
200.000
188.000
188.000
188.000
188.000
188.000
188.000
188.000
188.000
188.000
188.000
188.000
196.000
200.000
200.000
200.000
200.000
200.000
200.000
200.000
200.000
196.000
200.000
200.000
208.000
200.000
216.000
236.000
236.000
236.000
236.000
236.000
216.000
196.000
196.000
236.000
236.000
236.000
236.000
244.000
244.000
272.000
292.000
292.000
320.000
320.000
348.000
444.000
632.000
700.000
708.000
776.000
780.000
792.000
828.000
832.000
836.000
840.000
864.000
892.000
920.000
940.000
1008.000
1012.000
1040.000
1136.000
1164.000
1232.000
1248.000
1260.000
1320.000
1396.000
1396.000
1396.000
1400.000
1428.000
1556.000
1652.000
1660.000
1660.000
1824.000
1868.000
1900.000
1948.000
2028.000
2080.000
2096.000
2212.000
2220.000
2228.000
2260.000
2288.000
2288.000
2360.000
2368.000
2384.000
2536.000
2540.000
2584.000
2616.000
2616.000
2672.000
2672.000
2708.000
2708.000
2796.000
2932.000
2948.000
2964.000
3120.000
3120.000
3192.000
3212.000
3252.000
3372.000
3384.000
3436.000
3440.000
3464.000
3516.000
3528.000
3560.000
3568.000
3624.000
3712.000
3728.000
3836.000
3848.000
3868.000
3936.000
3940.000
4060.000
4060.000
4092.000
4156.000
4208.000
4272.000
4328.000
4396.000
4428.000
4432.000
4436.000
4456.000
4472.000
4492.000
4532.000
4552.000
4628.000
4656.000
4688.000
4720.000
4744.000
4780.000
4824.000
4836.000
4908.000
4936.000
4948.000
4988.000
5044.000
5068.000
5072.000
5124.000
5160.000
5248.000
5268.000
5344.000
5360.000
5364.000
5372.000
5384.000
5388.000
5400.000
5492.000
5576.000
5588.000
5704.000
5728.000
5740.000
5748.000
5768.000
5820.000
5824.000
5848.000
5864.000
5888.000
5900.000
6020.000
6084.000
6108.000
6256.000
6296.000
6304.000
6388.000
6388.000
6452.000
6472.000
6476.000
6508.000
6520.000
6524.000
6524.000
6552.000
6552.000
6688.000
6700.000
6708.000
6760.000
6780.000
6796.000
6812.000
6844.000
6932.000
6964.000
6972.000
6976.000
6992.000
7000.000
7028.000
7028.000
7040.000
7060.000
7060.000
7060.000
7120.000
7144.000
7180.000
7188.000
7188.000
7208.000
7240.000
7260.000
7268.000
7288.000
7316.000
7320.000
7396.000
7408.000
7424.000
7452.000
7460.000
7460.000
7464.000
7472.000
7472.000
7472.000
7472.000
7484.000
7484.000
7484.000
7472.000
7472.000
7472.000
7472.000
7472.000
7464.000
7460.000
7436.000
7420.000
7380.000
7376.000
7272.000
7232.000
7220.000
7200.000
7176.000
7172.000
7152.000
7092.000
7064.000
7060.000
7028.000
7020.000
7012.000
6988.000
6988.000
6968.000
6964.000
6928.000
6916.000
6904.000
6848.000
6800.000
6788.000
6700.000
6692.000
6648.000
6604.000
6512.000
6484.000
6468.000
6464.000
6300.000
6264.000
6236.000
6212.000
6176.000
6160.000
6124.000
6048.000
6044.000
6016.000
5956.000
5932.000
5888.000
5808.000
5776.000
5632.000
5600.000
5548.000
5508.000
5404.000
5396.000
5376.000
5376.000
5368.000
5240.000
5200.000
5184.000
5128.000
5076.000
5032.000
4972.000
4956.000
4888.000
4844.000
4816.000
4796.000
4768.000
4716.000
4656.000
4576.000
4536.000
4528.000
4464.000
4388.000
4376.000
4312.000
4280.000
4260.000
4240.000
4220.000
4180.000
4140.000
4124.000
4064.000
4052.000
4044.000
3916.000
3900.000
3888.000
3888.000
3880.000
3876.000
3756.000
3656.000
3572.000
3568.000
3568.000
3544.000
3480.000
3456.000
3412.000
3392.000
3336.000
3304.000
3232.000
3124.000
3076.000
3052.000
3048.000
3016.000
2896.000
2848.000
2844.000
2756.000
2752.000
2680.000
2632.000
2604.000
2524.000
2468.000
2448.000
2408.000
2248.000
2236.000
2168.000
2120.000
2072.000
2000.000
1988.000
1968.000
1912.000
1880.000
1876.000
1804.000
1800.000
1796.000
1736.000
1724.000
1688.000
1656.000
1612.000
1560.000
1532.000
1508.000
1436.000
1368.000
1332.000
1328.000
1324.000
1260.000
1228.000
1192.000
1148.000
1148.000
1136.000
1116.000
1092.000
1068.000
1056.000
1044.000
1044.000
1044.000
1026.000
1008.000
974.000
940.000
940.000
940.000
938.000
936.000
