16456.000
16380.000
16304.000
16266.000
16228.000
16104.000
15980.000
15946.000
15964.000
15972.000
15980.000
16002.000
16024.000
16052.000
16084.000
16084.000
16084.000
16084.000
16084.000
16084.000
16084.000
16084.000
16084.000
16056.000
16084.000
16092.000
16104.000
16104.000
16104.000
16104.000
16104.000
16104.000
16104.000
16104.000
16104.000
16104.000
16104.000
16108.000
16120.000
16144.000
16144.000
16120.000
16120.000
16120.000
16120.000
16120.000
16120.000
16136.000
16148.000
16152.000
16148.000
16148.000
16152.000
16164.000
16184.000
16200.000
16216.000
16220.000
16244.000
16260.000
16260.000
16260.000
16260.000
16260.000
16264.000
16272.000
16284.000
16284.000
16284.000
16284.000
16284.000
16280.000
16272.000
16280.000
16284.000
16284.000
16284.000
16280.000
16272.000
16280.000
16280.000
16284.000
16292.000
16292.000
16292.000
16336.000
16340.000
16340.000
16340.000
16340.000
16368.000
16380.000
16380.000
16380.000
16380.000
16380.000
16396.000
16400.000
16400.000
16400.000
16400.000
16400.000
16400.000
16400.000
16400.000
16400.000
16396.000
16396.000
16396.000
16396.000
16396.000
16368.000
16364.000
16364.000
16364.000
16364.000
16364.000
16412.000
16412.000
16416.000
16452.000
16452.000
16452.000
16452.000
16460.000
16492.000
16492.000
16516.000
16536.000
16536.000
16536.000
16536.000
16516.000
16496.000
16492.000
16452.000
16484.000
16492.000
16496.000
16516.000
16516.000
16516.000
16496.000
16508.000
16508.000
16508.000
16508.000
16536.000
16536.000
16536.000
16556.000
16556.000
16524.000
16524.000
16556.000
16568.000
16568.000
16568.000
16568.000
16568.000
16568.000
16568.000
16568.000
16568.000
16560.000
16560.000
16560.000
16568.000
16568.000
16572.000
16572.000
16580.000
16580.000
16568.000
16560.000
16560.000
16580.000
16588.000
16580.000
16560.000
16548.000
16548.000
16560.000
16588.000
16596.000
16608.000
16648.000
16648.000
16664.000
16664.000
16648.000
16648.000
16648.000
16648.000
16612.000
16604.000
16604.000
16600.000
16600.000
16604.000
16612.000
16608.000
16608.000
16612.000
16648.000
16648.000
16648.000
16612.000
16608.000
16604.000
16600.000
16568.000
16516.000
16512.000
16516.000
16516.000
16516.000
16516.000
16516.000
16548.000
16568.000
16568.000
16568.000
16588.000
16548.000
16516.000
16508.000
16508.000
16504.000
16500.000
16496.000
16496.000
16500.000
16508.000
16516.000
16548.000
16572.000
16588.000
16604.000
16604.000
16604.000
16604.000
16588.000
16572.000
16572.000
16548.000
16540.000
16500.000
16492.000
16492.000
16492.000
16492.000
16496.000
16528.000
16528.000
16528.000
16520.000
16520.000
16512.000
16512.000
16512.000
16512.000
16512.000
16512.000
16508.000
16496.000
16496.000
16496.000
16496.000
16496.000
16480.000
16480.000
16480.000
16480.000
16480.000
16484.000
16496.000
16484.000
16480.000
16468.000
16456.000
16404.000
16388.000
16384.000
16364.000
16364.000
16364.000
16364.000
16364.000
16364.000
16364.000
16364.000
16336.000
16364.000
16364.000
16364.000
16364.000
16364.000
16364.000
16364.000
16364.000
16364.000
16364.000
16356.000
16344.000
16336.000
16336.000
16320.000
16320.000
16320.000
16320.000
16316.000
16312.000
16312.000
16300.000
16244.000
16244.000
16244.000
16244.000
16244.000
16224.000
16224.000
16224.000
16212.000
16204.000
16192.000
16184.000
16180.000
16172.000
16160.000
16156.000
16152.000
16152.000
16152.000
16128.000
16112.000
16128.000
16128.000
16128.000
16112.000
16112.000
16108.000
16092.000
16088.000
16088.000
16052.000
16048.000
16048.000
16048.000
16048.000
16048.000
16048.000
16048.000
16080.000
16080.000
16080.000
16080.000
16080.000
16028.000
16016.000
16000.000
15992.000
15988.000
15984.000
15984.000
15984.000
15984.000
15984.000
15984.000
15976.000
15968.000
15936.000
15928.000
15904.000
15876.000
15876.000
15876.000
15876.000
15876.000
15876.000
15876.000
15868.000
15868.000
15856.000
15856.000
15856.000
15848.000
15848.000
15848.000
15848.000
15848.000
15832.000
15816.000
15808.000
15800.000
15764.000
15756.000
15732.000
15732.000
15728.000
15712.000
15688.000
15680.000
15680.000
15680.000
15680.000
15668.000
15656.000
15640.000
15640.000
15632.000
15628.000
15596.000
15580.000
15580.000
15580.000
15580.000
15560.000
15548.000
15544.000
15528.000
15508.000
15500.000
15488.000
15452.000
15424.000
15424.000
15412.000
15380.000
15372.000
15372.000
15372.000
15368.000
15344.000
15320.000
15320.000
15304.000
15284.000
15280.000
15276.000
15268.000
15264.000
15244.000
15212.000
15208.000
15196.000
15172.000
15172.000
15092.000
15084.000
15032.000
15032.000
15020.000
14984.000
14980.000
14976.000
14972.000
14964.000
14952.000
14952.000
14952.000
14936.000
14928.000
14928.000
14916.000
14892.000
14892.000
14888.000
14888.000
14868.000
14852.000
14840.000
14840.000
14832.000
14828.000
14808.000
14804.000
14796.000
14772.000
14768.000
14748.000
14744.000
14732.000
14720.000
14720.000
14720.000
14720.000
14720.000
14716.000
14716.000
14692.000
14676.000
14636.000
14628.000
14608.000
14572.000
14572.000
14560.000
14560.000
14544.000
14464.000
14436.000
14436.000
14432.000
14420.000
14392.000
14368.000
14360.000
14344.000
14320.000
14308.000
14296.000
14288.000
14276.000
14276.000
14264.000
14196.000
14184.000
14168.000
14160.000
14140.000
14120.000
14080.000
14044.000
13996.000
13976.000
13956.000
13944.000
13936.000
13936.000
13936.000
13936.000
13932.000
13908.000
13892.000
13892.000
13892.000
13884.000
13884.000
13884.000
13880.000
13864.000
13820.000
13796.000
13796.000
13772.000
13772.000
13772.000
13764.000
13764.000
13760.000
13744.000
13592.000
13592.000
13548.000
13548.000
13548.000
13544.000
13524.000
13516.000
13468.000
13464.000
13440.000
13424.000
13408.000
13396.000
13388.000
13380.000
13336.000
13332.000
13296.000
13256.000
13240.000
13212.000
13212.000
13200.000
13184.000
13164.000
13132.000
13132.000
13128.000
13116.000
13084.000
13076.000
13068.000
13052.000
13052.000
13028.000
13028.000
12948.000
12920.000
12892.000
12892.000
12876.000
12872.000
12868.000
12852.000
12852.000
12836.000
12824.000
12784.000
12780.000
12780.000
12772.000
12768.000
12752.000
12748.000
12728.000
12728.000
12720.000
12672.000
12644.000
12596.000
12568.000
12552.000
12528.000
12472.000
12472.000
12468.000
12448.000
12424.000
12392.000
12340.000
12336.000
12308.000
12308.000
12300.000
12268.000
12248.000
12224.000
12200.000
12176.000
12108.000
12060.000
12000.000
11992.000
11952.000
11952.000
11948.000
11940.000
11912.000
11900.000
11900.000
11884.000
11880.000
11836.000
11812.000
11812.000
11780.000
11780.000
11776.000
11772.000
11760.000
11748.000
11728.000
11692.000
11632.000
11624.000
11560.000
11508.000
11508.000
11488.000
11484.000
11444.000
11444.000
11440.000
11432.000
11416.000
11408.000
11404.000
11396.000
11380.000
11372.000
11372.000
11356.000
11284.000
11284.000
11268.000
11264.000
11220.000
11220.000
11208.000
11056.000
10988.000
10980.000
10944.000
10944.000
10896.000
10884.000
10872.000
10868.000
10864.000
10864.000
10860.000
10860.000
10856.000
10824.000
10816.000
10788.000
10748.000
10744.000
10672.000
10632.000
10608.000
10604.000
10584.000
10564.000
10564.000
10556.000
10528.000
10524.000
10520.000
10492.000
10468.000
10468.000
10464.000
10456.000
10448.000
10436.000
10416.000
10396.000
10396.000
10396.000
10368.000
10352.000
10332.000
10304.000
10260.000
10256.000
10244.000
10136.000
10128.000
10084.000
10060.000
10048.000
9920.000
9912.000
9888.000
9880.000
9872.000
9852.000
9820.000
9820.000
9808.000
9800.000
9796.000
9784.000
9784.000
9748.000
9748.000
9748.000
9744.000
9704.000
9664.000
9652.000
9616.000
9592.000
9592.000
9572.000
9520.000
9484.000
9472.000
9468.000
9460.000
9460.000
9460.000
9460.000
9452.000
9452.000
9428.000
9420.000
9404.000
9344.000
9336.000
9332.000
9312.000
9280.000
9244.000
9240.000
9212.000
9208.000
9188.000
9188.000
9152.000
9136.000
9108.000
9096.000
9076.000
9060.000
9008.000
8976.000
8964.000
8940.000
8912.000
8900.000
8896.000
8868.000
8840.000
8804.000
8804.000
8804.000
8804.000
8804.000
8780.000
8756.000
8748.000
8716.000
8716.000
8704.000
8696.000
8676.000
8668.000
8656.000
8632.000
8604.000
8596.000
8584.000
8564.000
8472.000
8420.000
8412.000
8400.000
8400.000
8400.000
8400.000
8396.000
8388.000
8388.000
8388.000
8388.000
8368.000
8348.000
8340.000
8336.000
8328.000
8328.000
8328.000
8328.000
8296.000
8292.000
8284.000
8268.000
8212.000
8172.000
8128.000
8100.000
8088.000
8084.000
8008.000
7856.000
7856.000
7812.000
7796.000
7736.000
7732.000
7732.000
7716.000
7704.000
7704.000
7548.000
7500.000
7492.000
7452.000
7452.000
7452.000
7416.000
7416.000
7392.000
7376.000
7376.000
7376.000
7344.000
7300.000
7292.000
7264.000
7244.000
7216.000
7188.000
7188.000
7056.000
7004.000
6996.000
6916.000
6908.000
6836.000
6832.000
6832.000
6832.000
6820.000
6780.000
6768.000
6768.000
6768.000
6768.000
6764.000
6712.000
6708.000
6708.000
6688.000
6688.000
6688.000
6688.000
6640.000
6628.000
6552.000
6552.000
6532.000
6524.000
6520.000
6504.000
6468.000
6468.000
6448.000
6440.000
6428.000
6404.000
6344.000
6304.000
6300.000
6296.000
6272.000
6296.000
6296.000
6272.000
6228.000
6208.000
6192.000
6180.000
6176.000
6132.000
6124.000
6124.000
6116.000
6060.000
6052.000
5980.000
5936.000
5900.000
5888.000
5868.000
5852.000
5852.000
5820.000
5804.000
5788.000
5772.000
5756.000
5752.000
5748.000
5748.000
5672.000
5668.000
5652.000
5632.000
5600.000
5548.000
5544.000
5544.000
5544.000
5532.000
5508.000
5480.000
5448.000
5408.000
5356.000
5332.000
5332.000
5316.000
5312.000
5296.000
5236.000
5220.000
5136.000
5108.000
5096.000
5056.000
5008.000
5008.000
4988.000
4984.000
4976.000
4964.000
4964.000
4756.000
4728.000
4696.000
4688.000
4652.000
4628.000
4608.000
4536.000
4424.000
4420.000
4420.000
4396.000
4368.000
4300.000
4300.000
4296.000
4156.000
4084.000
4024.000
4024.000
4016.000
4012.000
3944.000
3804.000
3724.000
3724.000
3724.000
3696.000
3660.000
3632.000
3596.000
3596.000
3400.000
3220.000
3008.000
3008.000
3008.000
3044.000
3044.000
3044.000
3044.000
3008.000
2984.000
2984.000
2808.000
2808.000
2808.000
2808.000
2940.000
2940.000
2940.000
2792.000
2792.000
2792.000
2792.000
2792.000
2748.000
2736.000
2736.000
2708.000
2664.000
2652.000
2620.000
2600.000
2596.000
2592.000
2592.000
2596.000
2596.000
2596.000
2592.000
2576.000
2564.000
2552.000
2548.000
2544.000
2544.000
2540.000
2532.000
2480.000
2440.000
2416.000
2376.000
2376.000
2356.000
2344.000
2344.000
2344.000
2296.000
2280.000
2264.000
2248.000
2232.000
2228.000
2228.000
2228.000
2192.000
2180.000
2120.000
2048.000
2024.000
2012.000
1996.000
1996.000
1988.000
1924.000
1920.000
1888.000
1888.000
1888.000
1888.000
1852.000
1848.000
1848.000
1808.000
1804.000
1780.000
1776.000
1684.000
1664.000
1648.000
1644.000
1604.000
1600.000
1576.000
1556.000
1492.000
1372.000
1368.000
1300.000
1296.000
1260.000
1260.000
1256.000
1248.000
1224.000
1212.000
1200.000
1200.000
1140.000
1016.000
952.000
888.000
860.000
848.000
760.000
752.000
724.000
656.000
644.000
596.000
560.000
500.000
500.000
492.000
472.000
436.000
388.000
388.000
380.000
336.000
332.000
268.000
128.000
96.000
24.000
24.000
16.000
0.000
-12.000
-60.000
-80.000
-84.000
-108.000
-192.000
-208.000
-224.000
-236.000
-264.000
-280.000
-296.000
-304.000
-372.000
-376.000
-388.000
-412.000
-504.000
-504.000
-548.000
-548.000
-552.000
-560.000
-620.000
-628.000
-720.000
-768.000
-780.000
-808.000
-808.000
-824.000
-848.000
-900.000
-932.000
-948.000
-948.000
-956.000
-1032.000
-1056.000
-1060.000
-1088.000
-1220.000
-1256.000
-1260.000
-1264.000
-1348.000
-1388.000
-1440.000
-1500.000
-1500.000
-1528.000
-1564.000
-1584.000
-1592.000
-1620.000
-1632.000
-1652.000
-1780.000
-1784.000
-1844.000
-1848.000
-1848.000
-1856.000
-1864.000
-1872.000
-1900.000
-1928.000
-1956.000
-1968.000
-2016.000
-2064.000
-2064.000
-2112.000
-2128.000
-2172.000
-2180.000
-2216.000
-2220.000
-2224.000
-2256.000
-2312.000
-2360.000
-2360.000
-2408.000
-2412.000
-2420.000
-2444.000
-2492.000
-2504.000
-2516.000
-2536.000
-2592.000
-2616.000
-2624.000
-2648.000
-2660.000
-2712.000
-2740.000
-2760.000
-2808.000
-2956.000
-3048.000
-3064.000
-3080.000
-3244.000
-3364.000
-3408.000
-3444.000
-3460.000
-3568.000
-3572.000
-3592.000
-3604.000
-3712.000
-3720.000
-3732.000
-3788.000
-3792.000
-3836.000
-3844.000
-3848.000
-3852.000
-3856.000
-3864.000
-3904.000
-3916.000
-3920.000
-3920.000
-3924.000
-3956.000
-3968.000
-3968.000
-3972.000
-3972.000
-4016.000
-4064.000
-4076.000
-4140.000
-4140.000
-4188.000
-4200.000
-4212.000
-4220.000
-4236.000
-4256.000
-4256.000
-4256.000
-4292.000
-4316.000
-4336.000
-4356.000
-4484.000
-4552.000
-4588.000
-4632.000
-4668.000
-4680.000
-4680.000
-4688.000
-4708.000
-4728.000
-4752.000
-4764.000
-4784.000
-4788.000
-4792.000
-4796.000
-4796.000
-4812.000
-4824.000
-4844.000
-4876.000
-4884.000
-4976.000
-4976.000
-4980.000
-4992.000
-5000.000
-5040.000
-5040.000
-5048.000
-5048.000
-5048.000
-5084.000
-5092.000
-5112.000
-5152.000
-5152.000
-5152.000
-5156.000
-5160.000
-5188.000
-5188.000
-5248.000
-5256.000
-5292.000
-5312.000
-5320.000
-5320.000
-5324.000
-5324.000
-5336.000
-5348.000
-5364.000
-5364.000
-5380.000
-5388.000
-5388.000
-5440.000
-5476.000
-5520.000
-5548.000
-5584.000
-5588.000
-5612.000
-5656.000
-5676.000
-5720.000
-5720.000
-5732.000
-5736.000
-5756.000
-5764.000
-5776.000
-5784.000
-5800.000
-5804.000
-5804.000
-5820.000
-5884.000
-5908.000
-5908.000
-5916.000
-5920.000
-5928.000
-5932.000
-5960.000
-5984.000
-6000.000
-6004.000
-6052.000
-6072.000
-6092.000
-6092.000
-6092.000
-6100.000
-6156.000
-6156.000
-6172.000
-6200.000
-6208.000
-6232.000
-6252.000
-6256.000
-6264.000
-6264.000
-6272.000
-6272.000
-6272.000
-6304.000
-6336.000
-6344.000
-6444.000
-6464.000
-6468.000
-6480.000
-6500.000
-6508.000
-6532.000
-6532.000
-6532.000
-6540.000
-6544.000
-6544.000
-6552.000
-6576.000
-6580.000
-6580.000
-6580.000
-6604.000
-6632.000
-6632.000
-6636.000
-6648.000
-6652.000
-6656.000
-6728.000
-6744.000
-6752.000
-6756.000
-6832.000
-6844.000
-6848.000
-6880.000
-6888.000
-7092.000
-7108.000
-7132.000
-7132.000
-7220.000
-7220.000
-7220.000
-7252.000
-7352.000
-7356.000
-7356.000
-7364.000
-7380.000
-7380.000
-7364.000
-7364.000
-7364.000
-7364.000
-7380.000
-7420.000
-7420.000
-7428.000
-7472.000
-7472.000
-7472.000
-7476.000
-7476.000
-7492.000
-7520.000
-7520.000
-7520.000
-7520.000
-7536.000
-7620.000
-7636.000
-7648.000
-7648.000
-7700.000
-7704.000
-7736.000
-7756.000
-7746.000
-7756.000
-7786.000
-7816.000
-7854.000
-7892.000
-7918.000
-7944.000
-7960.000
-7976.000
-7996.000
-7976.000
