895
886
867
852
801
755
715
675
623
616
610
610
653
612
584
542
503
467
434
390
402
340
358
391
429
463
468
416
417
352
320
348
313
312
317
307
301
270
245
260
218
204
189
172
130
123
101
103
83
53
106
117
149
134
127
145
94
45
25
-20
-20
-50
-37
-53
-59
-24
3
-47
-16
-40
-41
8
11
-10
-30
-99
-144
-125
-75
-36
-60
-80
-49
-23
-64
-61
-61
-77
-90
-61
-69
-56
-64
-117
-141
-116
-116
-89
-127
-118
-100
-115
-126
-91
-18
-31
-143
-162
-125
-80
-87
-85
-132
-117
-147
-121
-89
-98
-147
-131
-115
214
179
172
174
102
38
14
-40
-58
-37
-54
-58
-74
-36
-86
-70
-117
-93
-84
-97
-104
-90
-92
-95
-87
-75
-58
-32
-31
9
57
108
-58
-129
-66
-137
-110
-109
-118
-113
-126
-120
-102
-115
-114
-100
-112
-108
-109
-125
-146
-115
-136
-120
-116
-120
-105
-118
-119
-129
-118
-101
-127
-110
-124
-125
-118
-129
-115
-127
-115
-126
-115
-102
-100
-121
-97
-122
-111
-144
-125
-127
-124
-115
-125
-83
-100
-129
-110
-150
-109
-100
-124
-120
-121
-113
-116
-125
-123
-136
-127
-119
-102
-109
-107
-125
-125
-116
-110
-122
-124
-116
-110
-129
-122
-123
-113
-107
-116
-125
-115
-122
-119
-112
-127
-110
-118
-121
-108
-116
-117
-125
-116
-118
-98
-123
-127
-121
-121
-114
-123
-121
-114
-113
-123
-121
-113
-130
-119
-120
-121
-127
-120
-129
-114
-124
-111
-116
-133
-125
-115
-122
-121
-120
-115
-117
-109
-117
-117
-125
-125
-117
-132
-128
-127
-121
-124
-122
-128
-113
-111
-124
-121
-115
-118
-114
-117
-108
-114
-104
-110
-104
-115
-122
-120
-122
-131
-109
-112
-117
-110
-100
-114
-118
-126
-116
-121
-105
-119
-116
-117
-112
-120
-108
-119
-132
-122
-113
-106
-125
-127
-113
-140
-128
-114
-129
-120
-110
-113
-117
-123
-115
-138
-130
-119
-133
-80
-141
-93
-194
-51
-239
-78
-123
-108
-119
-137
-101
-127
-129
-108
-113
-115
-124
-112
-121
-124
-119
-94
-109
-121
-131
-118
-127
-117
-125
-121
-102
-113
-117
-126
-118
-118
-108
-123
-117
-111
-129
-126
-122
-107
-122
-120
-114
-124
-120
-140
-186
-160
-216
-246
-127
-208
-315
-278
-205
-27
-178
-168
-182
-143
-124
-194
-145
-167
-162
-149
-144
-106
-127
-134
-163
-162
-123
-144
-138
-150
-138
-132
-143
-145
-156
-166
-160
-167
-198
-196
-231
-283
-311
-316
-345
-351
-383
-390
-403
-391
-387
-422
-424
-428
-433
-419
-422
-418
-419
-441
-457
-477
-491
-542
-566
-606
-617
-644
-655
-658
-634
-619
-628
-627
-656
-645
-632
-632
-639
-662
-679
-693
-699
-680
-687
-670
-677
-654
-645
-624
-633
-617
-622
-613
-618
-618
-626
-612
-620
-628
-625
-638
-645
-646
-664
-683
-676
-706
-688
-714
-718
-731
-771
-762
-768
-778
-777
-785
-782
-775
-760
-741
-753
-718
-698
-710
-691
-687
-676
-668
-625
-610
-605
-618
-600
-611
-604
-627
-625
-645
-670
-663
-683
-650
-637
-633
-604
-595
-568
-563
-538
-539
-535
-538
-552
-538
-541
-521
-511
-498
-497
-494
-495
-522
-529
-524
-504
-513
-496
-513
-526
-530
-535
-532
-647
-504
-598
-611
-614
-644
-637
-640
-625
-614
-631
-615
-580
-587
-583
-572
-572
-573
-560
-558
-575
-566
-572
-560
-575
-574
-557
-559
-562
-552
-575
-584
-579
-603
-610
-628
-639
-637
-602
-555
-518
-258
-489
-477
-459
-469
-463
-464
-459
-471
-454
-469
-458
-446
-468
-461
-436
-435
-418
-428
-440
-431
-462
-437
-404
-382
-394
-389
-391
-367
-359
-366
-368
-389
-350
-383
-374
-396
-399
-447
-446
-462
-470
-490
-476
-490
-488
-490
-482
-459
-448
-442
-443
-441
-433
-436
-438
-436
-454
-452
-450
-435
-455
-439
-438
-426
-418
-376
-356
-349
-345
-337
-346
-330
-362
-322
-313
-290
-303
-288
-256
-245
-214
-196
-192
-204
-202
-181
-161
-129
-82
-64
-7
-11
-14
1
2
32
29
28
26
15
15
4
18
13
35
48
62
84
99
134
147
150
159
173
159
172
185
200
202
177
186
170
146
148
155
160
165
170
182
183
181
191
225
240
246
249
260
267
265
246
279
273
266
289
266
278
299
296
326
339
331
339
347
338
346
344
347
348
334
331
336
318
303
304
321
323
335
334
334
322
330
357
360
348
348
323
328
308
323
338
325
342
348
349
354
374
380
367
383
382
388
369
369
373
384
414
400
408
452
458
480
488
472
459
430
428
449
435
421
417
420
426
431
462
484
511
533
556
539
477
438
383
341
344
324
341
366
396
439
465
505
543
555
532
532
537
567
563
558
573
574
572
575
598
587
581
565
547
514
459
435
411
378
352
351
355
363
402
407
438
428
409
398
365
347
308
257
256
248
253
245
226
247
240
267
267
256
218
186
182
123
179
149
172
142
151
143
144
151
160
110
69
36
58
64
110
130
169
209
237
249
252
274
268
236
198
199
189
166
195
216
243
274
263
244
222
225
213
212
217
239
267
262
304
279
292
277
292
274
245
244
234
211
183
162
148
150
152
155
154
159
185
194
207
218
192
193
192
179
161
154
123
124
109
98
101
110
123
132
133
120
51
-35
-102
-110
-65
-58
-69
-69
-70
-89
-72
-105
-94
-84
-108
-120
-105
-114
-120
-123
-128
-120
-122
-131
-124
-114
-123
-134
-122
-124
-130
-114
-119
-121
-116
-113
-112
-121
-108
-112
-121
-127
-103
-125
-113
-122
-122
-103
-129
-129
-127
-165
-157
-132
-171
-174
-192
-156
-128
-162
-172
-123
-95
-128
-167
-140
-123
-114
-127
-130
-126
-122
-123
-117
-124
-128
-116
-100
-124
-152
-155
-171
-178
-194
-214
-265
-290
-372
-461
-512
-546
-545
-569
-590
-616
-632
-650
-684
-692
-742
-759
-787
-833
-860
-866
-907
-904
-949
-958
-947
-952
-942
-910
-893
-868
-858
-827
-849
-840
-866
-878
-893
-900
-868
-869
-863
-879
-880
-884
-889
-881
-847
-821
-801
-771
-749
-737
-711
-701
-690
-655
-641
-600
-561
-554
-521
-513
-490
-443
-431
-397
-369
-326
-315
-295
-282
-255
-253
-242
-241
-241
-224
-249
-260
-260
-256
-280
-280
-314
-314
-308
-304
-310
-307
-309
-316
-337
-337
-361
-386
-394
-416
-453
-464
-487
-509
-534
-538
-566
-562
-583
-579
-583
-626
-620
-669
-701
-729
-755
-791
-821
-830
-851
-870
-900
-903
-896
-934
-970
-988
-1005
-1008
-1005
-1024
-1033
-1051
-1063
-1084
-1132
-1118
-1136
-1121
-1114
-1096
-1072
-1046
-1029
-1021
-1030
-1042
-1025
-1037
-1053
-1047
-1062
-1062
-1043
-1022
-962
-1000
-965
-951
-931
-926
-904
-899
-891
-880
-879
-867
-851
-798
-823
-814
-802
-827
-770
-766
-743
-722
-712
-673
-649
-637
-601
-594
-595
-592
-616
-604
-601
-624
-595
-563
-524
-495
-458
-436
-399
-375
-371
-375
-398
-400
-411
-434
-443
-434
-383
-387
-355
-335
-300
-266
-242
-201
-181
-180
-170
-160
-137
-142
-136
-148
-174
-164
-153
-138
-122
-103
-85
-88
-75
-84
-86
-103
-81
-86
-85
-72
-66
-63
-39
-23
-6
254
3
11
21
17
26
16
21
-6
-21
-30
-4
6
-10
-20
-22
-34
-16
2
9
37
37
51
56
81
92
97
116
142
155
167
169
180
178
166
160
153
130
113
98
96
106
119
124
155
176
218
231
243
243
254
261
261
278
279
305
345
379
410
441
474
481
503
524
520
521
484
470
484
501
511
507
476
492
497
537
582
613
637
686
732
798
820
840
875
913
932
953
948
983
970
969
951
911
903
859
852
876
925
962
992
1009
1063
1116
1114
1124
1102
1079
1072
1054
1062
1056
1005
991
946
898
865
796
751
703
659
646
611
582
541
498
487
454
451
455
448
420
426
436
419
428
401
416
411
400
390
378
377
367
370
336
352
338
335
335
321
316
288
277
282
284
285
280
318
321
312
345
293
299
315
279
256
255
244
200
214
192
200
194
178
178
148
165
187
173
233
241
288
280
284
266
256
260
248
217
