-136.000
-240.000
-136.000
-152.000
-168.000
-152.000
-168.000
-212.000
-168.000
-212.000
-256.000
-240.000
-224.000
-224.000
-224.000
-224.000
-252.000
-252.000
-252.000
-252.000
-248.000
-236.000
-236.000
-236.000
-236.000
-236.000
-228.000
-228.000
-236.000
-236.000
-248.000
-248.000
-236.000
-236.000
-228.000
-228.000
-228.000
-228.000
-224.000
-224.000
-224.000
-224.000
-224.000
-216.000
-212.000
-212.000
-216.000
-216.000
-216.000
-232.000
-232.000
-232.000
-232.000
-220.000
-216.000
-212.000
-196.000
-196.000
-196.000
-172.000
-156.000
-148.000
-148.000
-148.000
-128.000
-120.000
72.000
128.000
276.000
336.000
392.000
456.000
464.000
576.000
624.000
660.000
692.000
708.000
720.000
760.000
796.000
812.000
872.000
880.000
1012.000
1036.000
1164.000
1268.000
1280.000
1448.000
1460.000
1484.000
1492.000
1512.000
1556.000
1556.000
1576.000
1588.000
1596.000
1596.000
1624.000
1636.000
1636.000
1640.000
1660.000
1716.000
1820.000
1832.000
1880.000
1980.000
1992.000
2004.000
2056.000
2084.000
2120.000
2128.000
2240.000
2240.000
2260.000
2304.000
2320.000
2356.000
2384.000
2408.000
2420.000
2440.000
2480.000
2480.000
2480.000
2516.000
2532.000
2572.000
2576.000
2588.000
2592.000
2612.000
2640.000
2648.000
2672.000
2684.000
2684.000
2796.000
2852.000
2860.000
2920.000
2948.000
2960.000
3036.000
3092.000
3128.000
3148.000
3164.000
3172.000
3196.000
3232.000
3244.000
3288.000
3308.000
3340.000
3356.000
3400.000
3416.000
3424.000
3448.000
3452.000
3464.000
3472.000
3488.000
3540.000
3604.000
3608.000
3616.000
3636.000
3668.000
3704.000
3748.000
3780.000
3784.000
3816.000
3824.000
3832.000
3868.000
3876.000
3908.000
3916.000
3936.000
3960.000
3984.000
3996.000
3996.000
4024.000
4036.000
4080.000
4100.000
4152.000
4168.000
4172.000
4184.000
4200.000
4244.000
4268.000
4280.000
4288.000
4292.000
4300.000
4340.000
4492.000
4652.000
4656.000
4660.000
4664.000
4680.000
4692.000
4732.000
4740.000
4764.000
4780.000
4792.000
4800.000
4800.000
4812.000
4820.000
4844.000
4848.000
4856.000
4892.000
4916.000
4952.000
4972.000
4972.000
4980.000
4996.000
5012.000
5176.000
5244.000
5328.000
5340.000
5376.000
5384.000
5384.000
5400.000
5400.000
5416.000
5424.000
5436.000
5456.000
5456.000
5456.000
5456.000
5516.000
5540.000
5552.000
5572.000
5604.000
5664.000
5748.000
5816.000
5832.000
5832.000
5836.000
5844.000
5848.000
5848.000
5876.000
5896.000
5908.000
5920.000
5944.000
5944.000
5944.000
5944.000
5968.000
6092.000
6100.000
6116.000
6128.000
6212.000
6216.000
6228.000
6272.000
6296.000
6320.000
6344.000
6352.000
6364.000
6368.000
6460.000
6468.000
6484.000
6500.000
6512.000
6512.000
6520.000
6524.000
6572.000
6576.000
6604.000
6636.000
6672.000
6680.000
6700.000
6708.000
6744.000
6744.000
6780.000
6796.000
6816.000
6880.000
6888.000
6904.000
6912.000
6924.000
6952.000
6964.000
6984.000
6984.000
6984.000
6992.000
7000.000
7004.000
7064.000
7100.000
7152.000
7152.000
7160.000
7176.000
7192.000
7236.000
7328.000
7360.000
7364.000
7364.000
7364.000
7364.000
7364.000
7364.000
7364.000
7364.000
7364.000
7364.000
7360.000
7328.000
7328.000
7276.000
7264.000
7248.000
7220.000
7212.000
7208.000
7204.000
7200.000
7196.000
7188.000
7156.000
7120.000
7112.000
7112.000
7080.000
7060.000
7036.000
7036.000
7000.000
6984.000
6952.000
6908.000
6852.000
6844.000
6844.000
6768.000
6720.000
6676.000
6672.000
6576.000
6528.000
6508.000
6500.000
6452.000
6440.000
6416.000
6388.000
6388.000
6376.000
6300.000
6292.000
6272.000
6244.000
6216.000
6196.000
6156.000
6140.000
6096.000
6076.000
6064.000
5984.000
5796.000
5784.000
5780.000
5764.000
5740.000
5708.000
5656.000
5632.000
5480.000
5448.000
5448.000
5372.000
5304.000
5296.000
5276.000
5272.000
5180.000
5136.000
5124.000
5124.000
5112.000
5052.000
5048.000
5040.000
5040.000
4936.000
4868.000
4808.000
4804.000
4788.000
4736.000
4688.000
4652.000
4568.000
4536.000
4512.000
4504.000
4468.000
4392.000
4284.000
4272.000
4268.000
4264.000
4176.000
4104.000
4040.000
4000.000
3972.000
3956.000
3956.000
3912.000
3792.000
3792.000
3772.000
3768.000
3700.000
3628.000
3624.000
3596.000
3472.000
3424.000
3352.000
3320.000
3268.000
3240.000
3232.000
3200.000
3184.000
3176.000
3172.000
3148.000
3052.000
2988.000
2980.000
2892.000
2884.000
2852.000
2840.000
2800.000
2720.000
2692.000
2676.000
2624.000
2608.000
2588.000
2584.000
2464.000
2420.000
2420.000
2376.000
2372.000
2368.000
2356.000
2316.000
2228.000
2164.000
2144.000
2128.000
2084.000
2032.000
2024.000
2004.000
1840.000
1816.000
1812.000
1800.000
1796.000
1672.000
1664.000
1648.000
1644.000
1616.000
1568.000
1536.000
1480.000
1444.000
1400.000
1368.000
1284.000
1232.000
1232.000
1224.000
1188.000
1136.000
1100.000
1084.000
1040.000
992.000
952.000
912.000
832.000
768.000
732.000
728.000
700.000
660.000
648.000
624.000
624.000
608.000
600.000
592.000
588.000
564.000
552.000
552.000
548.000
512.000
500.000
480.000
440.000
420.000
416.000
400.000
376.000
364.000
320.000
320.000
316.000
308.000
280.000
252.000
248.000
232.000
232.000
228.000
228.000
224.000
216.000
192.000
180.000
180.000
144.000
140.000
132.000
96.000
92.000
68.000
68.000
56.000
52.000
44.000
44.000
28.000
-20.000
-20.000
-24.000
-24.000
-28.000
-36.000
-40.000
-40.000
-44.000
-80.000
-80.000
-112.000
-112.000
-120.000
-180.000
-120.000
-180.000
-204.000
-204.000
-208.000
-208.000
-220.000
-244.000
-220.000
-220.000
-220.000
-240.000
-220.000
-240.000
-224.000
-220.000
-208.000
-208.000
-220.000
-224.000
-220.000
-224.000
-240.000
-224.000
-240.000
-244.000
-264.000
-264.000
-244.000
-244.000
-244.000
-240.000
-240.000
-244.000
-260.000
-260.000
-264.000
-264.000
-264.000
-268.000
-268.000
-268.000
-268.000
-268.000
-264.000
-264.000
-264.000
-264.000
-268.000
-268.000
-264.000
-260.000
-252.000
-252.000
-252.000
-252.000
-252.000
-252.000
-252.000
-252.000
-252.000
-244.000
-244.000
-244.000
-244.000
-244.000
-244.000
-244.000
-244.000
-244.000
-244.000
-236.000
-212.000
-212.000
-212.000
-212.000
-220.000
-212.000
-212.000
-212.000
-200.000
-192.000
-192.000
-192.000
-192.000
-192.000
-192.000
-212.000
-200.000
-200.000
-188.000
-188.000
-184.000
-176.000
-184.000
-188.000
-188.000
-200.000
-200.000
-200.000
-200.000
-188.000
-188.000
-188.000
-188.000
-188.000
-188.000
-172.000
-168.000
-112.000
-108.000
-72.000
-72.000
-48.000
20.000
104.000
148.000
220.000
296.000
296.000
384.000
508.000
528.000
552.000
560.000
628.000
756.000
772.000
792.000
848.000
860.000
868.000
900.000
948.000
972.000
1056.000
1100.000
1172.000
1196.000
1204.000
1300.000
1336.000
1356.000
1456.000
1516.000
1540.000
1572.000
1588.000
1612.000
1612.000
1620.000
1628.000
1708.000
1732.000
1844.000
1904.000
1908.000
1912.000
2020.000
2088.000
2184.000
2240.000
2244.000
2276.000
2336.000
2364.000
2372.000
2396.000
2532.000
2572.000
2656.000
2668.000
2704.000
2840.000
2852.000
2864.000
2912.000
2912.000
3008.000
3012.000
3012.000
3064.000
3096.000
3100.000
3152.000
3156.000
3172.000
3228.000
3252.000
3268.000
3284.000
3308.000
3344.000
3468.000
3504.000
3580.000
3608.000
3672.000
3688.000
3748.000
3820.000
3868.000
3940.000
3976.000
4000.000
4060.000
4068.000
4068.000
4152.000
4304.000
4304.000
4360.000
4404.000
4420.000
4504.000
4580.000
4592.000
4640.000
4648.000
4724.000
4732.000
4736.000
4740.000
4764.000
4792.000
4932.000
5004.000
5012.000
5032.000
5072.000
5092.000
5132.000
5188.000
5208.000
5220.000
5272.000
5304.000
5312.000
5344.000
5432.000
5448.000
5500.000
5504.000
5580.000
5588.000
5632.000
5644.000
5648.000
5680.000
5688.000
5772.000
5792.000
5796.000
5800.000
5840.000
5872.000
5900.000
5912.000
5912.000
5948.000
5964.000
5968.000
5968.000
5984.000
5992.000
6020.000
6084.000
6156.000
6164.000
6196.000
6196.000
6212.000
6236.000
6244.000
6256.000
6268.000
6288.000
6300.000
6300.000
6332.000
6348.000
6372.000
6392.000
6404.000
6472.000
6504.000
6524.000
6540.000
6632.000
6676.000
6688.000
6756.000
6812.000
6820.000
6828.000
6832.000
6844.000
6856.000
6856.000
6860.000
6864.000
6864.000
6864.000
6864.000
6864.000
6864.000
6844.000
6844.000
6844.000
6844.000
6836.000
6836.000
6836.000
6808.000
6744.000
6684.000
6676.000
6636.000
6616.000
6616.000
6560.000
6436.000
6356.000
6328.000
6220.000
6208.000
6196.000
6124.000
6116.000
6036.000
5988.000
5964.000
5872.000
5868.000
5864.000
5780.000
5668.000
5664.000
5520.000
5388.000
5324.000
5280.000
5248.000
5168.000
5116.000
5060.000
4988.000
4964.000
4956.000
4740.000
4676.000
4672.000
4640.000
4612.000
4608.000
4608.000
4544.000
4424.000
4420.000
4420.000
4340.000
4288.000
4164.000
4124.000
4072.000
3984.000
3968.000
3888.000
3876.000
3772.000
3724.000
3720.000
3644.000
3488.000
3464.000
3464.000
3392.000
3360.000
3304.000
3200.000
3172.000
3144.000
3108.000
3076.000
3032.000
2956.000
2820.000
2752.000
2640.000
2608.000
2552.000
2504.000
2488.000
2420.000
2396.000
2388.000
2256.000
2180.000
2176.000
2084.000
2036.000
1992.000
1984.000
1868.000
1860.000
1808.000
1740.000
1728.000
1708.000
1584.000
1508.000
1488.000
1424.000
1372.000
1292.000
1208.000
1176.000
1168.000
1164.000
1060.000
1040.000
920.000
912.000
868.000
820.000
748.000
748.000
720.000
712.000
656.000
620.000
520.000
492.000
460.000
440.000
400.000
392.000
320.000
260.000
240.000
216.000
180.000
136.000
136.000
84.000
48.000
24.000
-8.000
-8.000
-12.000
-28.000
-32.000
-32.000
-32.000
-76.000
-96.000
-104.000
-104.000
-96.000
-140.000
-164.000
-164.000
-216.000
-224.000
-216.000
-216.000
-224.000
-224.000
-232.000
-232.000
-232.000
-232.000
-244.000
-244.000
-232.000
-216.000
-208.000
-216.000
-216.000
-208.000
-208.000
-216.000
-232.000
-232.000
-220.000
-220.000
-220.000
-208.000
-208.000
-208.000
-204.000
-200.000
-200.000
-196.000
-196.000
-192.000
-192.000
-192.000
-196.000
-200.000
-200.000
-212.000
-212.000
-212.000
-220.000
-220.000
-220.000
-220.000
-220.000
-212.000
-224.000
-224.000
-224.000
-224.000
-224.000
-228.000
-228.000
-228.000
-228.000
-228.000
-228.000
-228.000
-228.000
-224.000
-228.000
-236.000
-236.000
-236.000
-236.000
-236.000
-236.000
-216.000
-216.000
-216.000
-220.000
-220.000
-220.000
-220.000
-220.000
-220.000
-220.000
-220.000
-220.000
-220.000
-220.000
-220.000
-220.000
-216.000
-220.000
-216.000
-216.000
-212.000
-216.000
-212.000
-212.000
-212.000
-212.000
-216.000
-212.000
-212.000
-212.000
-216.000
-216.000
-192.000
-188.000
-188.000
-192.000
-208.000
-192.000
-196.000
-192.000
-196.000
-208.000
-196.000
-208.000
-196.000
-196.000
-192.000
-192.000
-192.000
-192.000
-188.000
-184.000
-188.000
-184.000
-184.000
-172.000
-172.000
-188.000
-196.000
-188.000
-188.000
-184.000
-184.000
-184.000
-184.000
-184.000
-184.000
-184.000
-184.000
-188.000
-188.000
-188.000
-188.000
-188.000
-188.000
-188.000
-188.000
-188.000
-188.000
-188.000
-196.000
-200.000
-196.000
-196.000
-200.000
-196.000
-200.000
-200.000
-200.000
-204.000
-200.000
-196.000
-196.000
-196.000
-196.000
-196.000
-196.000
-196.000
-196.000
-196.000
-200.000
-200.000
-196.000
-196.000
-196.000
-196.000
-196.000
-196.000
-196.000
-196.000
-200.000
-200.000
-200.000
-200.000
-200.000
-200.000
-200.000
-196.000
-200.000
-200.000
-208.000
-204.000
-204.000
-204.000
-204.000
-204.000
-216.000
-232.000
-232.000
-236.000
-232.000
-204.000
-204.000
-204.000
-204.000
-204.000
-204.000
-204.000
-204.000
-204.000
-204.000
-204.000
-216.000
-216.000
-216.000
-204.000
-204.000
-216.000
-216.000
-216.000
-204.000
-200.000
-200.000
-200.000
-196.000
-196.000
-200.000
-200.000
-200.000
-212.000
-212.000
-200.000
-196.000
-200.000
-200.000
-200.000
-200.000
-196.000
-192.000
-184.000
-192.000
-196.000
-192.000
-192.000
-184.000
-184.000
-196.000
-196.000
-184.000
-204.000
-212.000
-212.000
-212.000
-204.000
-184.000
-184.000
-200.000
-200.000
-184.000
-184.000
-184.000
-184.000
-184.000
-200.000
-204.000
-200.000
-188.000
-188.000
-200.000
-204.000
-208.000
-200.000
-200.000
-200.000
-200.000
-200.000
-200.000
-200.000
-208.000
-208.000
-200.000
-200.000
-200.000
-208.000
-208.000
-212.000
-212.000
-212.000
-208.000
-208.000
-208.000
-208.000
-212.000
-212.000
-208.000
-200.000
-200.000
-200.000
-196.000
-196.000
-196.000
-192.000
-192.000
-188.000
-188.000
-188.000
-192.000
-196.000
-196.000
-188.000
-188.000
-196.000
-196.000
-196.000
-196.000
-200.000
-204.000
-204.000
-204.000
-208.000
-208.000
-208.000
-204.000
-208.000
-208.000
-208.000
-208.000
-208.000
-208.000
-208.000
-208.000
-208.000
-208.000
-208.000
-208.000
-204.000
-204.000
-204.000
-204.000
-204.000
-204.000
-204.000
-188.000
-200.000
-200.000
-200.000
-200.000
-200.000
-200.000
-200.000
-200.000
-204.000
-204.000
-204.000
-204.000
-200.000
-200.000
-200.000
-220.000
-228.000
-228.000
-228.000
-224.000
-224.000
-228.000
-224.000
-224.000
-224.000
-224.000
-224.000
-224.000
-224.000
-224.000
-220.000
-212.000
-208.000
-204.000
-208.000
-204.000
-208.000
-212.000
-208.000
-208.000
-204.000
-188.000
-188.000
-188.000
-188.000
-188.000
-188.000
-188.000
-188.000
-188.000
-208.000
-208.000
-208.000
-208.000
-208.000
-208.000
-208.000
-208.000
-208.000
-208.000
-216.000
-216.000
-216.000
-216.000
-208.000
-220.000
-220.000
-208.000
-208.000
-208.000
-208.000
-208.000
-208.000
-208.000
-208.000
-204.000
-204.000
-208.000
-204.000
-204.000
-204.000
-208.000
-212.000
-232.000
-232.000
-232.000
-212.000
-208.000
-212.000
-212.000
-208.000
-210.000
-212.000
-224.000
-212.000
-208.000
-204.000
-208.000
-212.000
-224.000
-236.000
-224.000
-212.000
