16768.000
16756.000
16744.000
16742.000
16740.000
16712.000
16740.000
16740.000
16740.000
16742.000
16744.000
16756.000
16744.000
16740.000
16740.000
16740.000
16736.000
16736.000
16736.000
16736.000
16736.000
16688.000
16688.000
16664.000
16664.000
16664.000
16688.000
16732.000
16732.000
16732.000
16736.000
16736.000
16736.000
16736.000
16736.000
16732.000
16732.000
16732.000
16736.000
16732.000
16732.000
16732.000
16732.000
16716.000
16716.000
16716.000
16732.000
16732.000
16748.000
16768.000
16792.000
16800.000
16816.000
16816.000
16816.000
16808.000
16808.000
16808.000
16808.000
16792.000
16808.000
16816.000
16816.000
16808.000
16808.000
16828.000
16828.000
16828.000
16856.000
16856.000
16828.000
16808.000
16796.000
16764.000
16752.000
16752.000
16744.000
16720.000
16712.000
16712.000
16712.000
16692.000
16668.000
16692.000
16692.000
16692.000
16668.000
16668.000
16692.000
16692.000
16668.000
16668.000
16692.000
16668.000
16668.000
16668.000
16692.000
16668.000
16668.000
16668.000
16668.000
16680.000
16712.000
16728.000
16728.000
16728.000
16740.000
16744.000
16744.000
16744.000
16740.000
16740.000
16740.000
16728.000
16728.000
16728.000
16728.000
16720.000
16728.000
16720.000
16720.000
16712.000
16712.000
16708.000
16704.000
16704.000
16708.000
16704.000
16704.000
16700.000
16700.000
16700.000
16696.000
16692.000
16692.000
16692.000
16692.000
16692.000
16692.000
16692.000
16696.000
16700.000
16700.000
16700.000
16692.000
16700.000
16704.000
16700.000
16704.000
16704.000
16704.000
16704.000
16704.000
16704.000
16704.000
16708.000
16708.000
16708.000
16708.000
16716.000
16716.000
16708.000
16708.000
16708.000
16708.000
16708.000
16708.000
16708.000
16708.000
16708.000
16708.000
16708.000
16708.000
16708.000
16708.000
16712.000
16712.000
16716.000
16716.000
16712.000
16712.000
16712.000
16712.000
16712.000
16712.000
16712.000
16712.000
16712.000
16712.000
16712.000
16716.000
16712.000
16716.000
16716.000
16716.000
16716.000
16716.000
16716.000
16716.000
16716.000
16720.000
16712.000
16712.000
16712.000
16712.000
16712.000
16712.000
16712.000
16712.000
16712.000
16712.000
16712.000
16708.000
16708.000
16712.000
16708.000
16708.000
16708.000
16712.000
16712.000
16712.000
16712.000
16712.000
16712.000
16708.000
16708.000
16708.000
16708.000
16708.000
16704.000
16704.000
16704.000
16708.000
16708.000
16708.000
16704.000
16708.000
16708.000
16708.000
16708.000
16708.000
16708.000
16708.000
16700.000
16700.000
16700.000
16700.000
16700.000
16700.000
16708.000
16700.000
16708.000
16708.000
16708.000
16708.000
16708.000
16708.000
16700.000
16696.000
16696.000
16696.000
16696.000
16688.000
16688.000
16688.000
16688.000
16696.000
16692.000
16692.000
16692.000
16704.000
16704.000
16708.000
16704.000
16704.000
16708.000
16704.000
16704.000
16696.000
16696.000
16704.000
16704.000
16704.000
16704.000
16704.000
16696.000
16696.000
16696.000
16696.000
16696.000
16696.000
16696.000
16696.000
16696.000
16696.000
16696.000
16696.000
16696.000
16696.000
16696.000
16696.000
16696.000
16696.000
16696.000
16696.000
16696.000
16696.000
16696.000
16696.000
16696.000
16700.000
16704.000
16712.000
16704.000
16700.000
16700.000
16704.000
16704.000
16704.000
16704.000
16700.000
16704.000
16704.000
16700.000
16700.000
16700.000
16700.000
16704.000
16700.000
16704.000
16700.000
16704.000
16704.000
16704.000
16704.000
16704.000
16700.000
16700.000
16700.000
16700.000
16696.000
16696.000
16696.000
16696.000
16700.000
16704.000
16700.000
16700.000
16704.000
16704.000
16704.000
16704.000
16704.000
16704.000
16704.000
16704.000
16704.000
16704.000
16704.000
16704.000
16704.000
16708.000
16708.000
16720.000
16720.000
16720.000
16720.000
16720.000
16720.000
16720.000
16720.000
16720.000
16720.000
16720.000
16708.000
16708.000
16712.000
16712.000
16708.000
16708.000
16704.000
16704.000
16700.000
16700.000
16700.000
16700.000
16700.000
16700.000
16696.000
16696.000
16696.000
16700.000
16700.000
16700.000
16700.000
16700.000
16700.000
16700.000
16700.000
16700.000
16700.000
16700.000
16696.000
16696.000
16700.000
16712.000
16712.000
16712.000
16768.000
16780.000
16780.000
16780.000
16852.000
16872.000
16896.000
16992.000
16992.000
16992.000
17028.000
17028.000
16992.000
16992.000
17028.000
17028.000
17028.000
17016.000
17016.000
17016.000
17016.000
16992.000
16992.000
16992.000
16992.000
16952.000
16952.000
16920.000
16736.000
16736.000
16716.000
16664.000
16624.000
16624.000
16560.000
16548.000
16548.000
16548.000
16548.000
16548.000
16548.000
16548.000
16548.000
16548.000
16548.000
16548.000
16540.000
16524.000
16524.000
16524.000
16524.000
16524.000
16524.000
16512.000
16512.000
16512.000
16512.000
16500.000
16500.000
16488.000
16368.000
16204.000
16204.000
16204.000
16204.000
16204.000
16204.000
16204.000
16204.000
16204.000
16204.000
16204.000
16204.000
16204.000
16204.000
16308.000
16312.000
16312.000
16320.000
16332.000
16332.000
16340.000
16340.000
16340.000
16340.000
16340.000
16340.000
16340.000
16340.000
16340.000
16312.000
16308.000
16236.000
16204.000
16192.000
16088.000
16064.000
15964.000
15916.000
15916.000
15904.000
15904.000
15904.000
15904.000
15904.000
15904.000
15904.000
15904.000
15904.000
15916.000
15916.000
15904.000
15916.000
15916.000
15916.000
15916.000
15916.000
15916.000
15916.000
15916.000
15916.000
15916.000
15916.000
15904.000
15848.000
15796.000
15740.000
15720.000
15720.000
15708.000
15688.000
15688.000
15688.000
15688.000
15688.000
15688.000
15680.000
15680.000
15680.000
15688.000
15712.000
15688.000
15680.000
15680.000
15680.000
15680.000
15680.000
15688.000
15688.000
15688.000
15688.000
15680.000
15680.000
15676.000
15520.000
15520.000
15520.000
15520.000
15520.000
15508.000
15492.000
15492.000
15468.000
15464.000
15456.000
15440.000
15404.000
15396.000
15396.000
15396.000
15396.000
15384.000
15384.000
15384.000
15372.000
15372.000
15372.000
15364.000
15372.000
15384.000
15372.000
15364.000
15332.000
15328.000
15312.000
15288.000
15276.000
15276.000
15276.000
15276.000
15272.000
15248.000
15208.000
15208.000
15208.000
15192.000
15192.000
15192.000
15192.000
15132.000
15132.000
15116.000
15100.000
15076.000
15076.000
15072.000
15072.000
15064.000
15060.000
15048.000
15040.000
15040.000
15040.000
15040.000
15040.000
15040.000
15040.000
14984.000
14984.000
14956.000
14936.000
14928.000
14920.000
14864.000
14856.000
14724.000
14684.000
14668.000
14612.000
14596.000
14596.000
14596.000
14596.000
14596.000
14596.000
14596.000
14596.000
14596.000
14596.000
14596.000
14612.000
14680.000
14680.000
14712.000
14756.000
14772.000
14776.000
14832.000
14832.000
14832.000
14860.000
14860.000
14868.000
14868.000
14868.000
14868.000
14872.000
14868.000
14872.000
14872.000
14876.000
14876.000
14876.000
14876.000
14876.000
14884.000
14892.000
14900.000
14964.000
14964.000
14900.000
14952.000
14964.000
15000.000
15028.000
15048.000
15088.000
15136.000
15148.000
15148.000
15148.000
15148.000
15152.000
15176.000
15220.000
15236.000
15236.000
15236.000
15236.000
15236.000
15284.000
15284.000
15296.000
15296.000
15296.000
15304.000
15348.000
15348.000
15348.000
15360.000
15384.000
15388.000
15392.000
15416.000
15488.000
15488.000
15488.000
15488.000
15488.000
15488.000
15488.000
15488.000
15476.000
15488.000
15500.000
15524.000
15532.000
15536.000
15536.000
15536.000
15532.000
15532.000
15532.000
15532.000
15532.000
15488.000
15488.000
15488.000
15488.000
15508.000
15532.000
15536.000
15540.000
15540.000
15536.000
15532.000
15508.000
15508.000
15508.000
15508.000
15508.000
15508.000
15508.000
15576.000
15636.000
15700.000
15760.000
15764.000
15792.000
15820.000
15832.000
15872.000
15884.000
15884.000
15884.000
15884.000
15884.000
15932.000
15932.000
15932.000
15932.000
15932.000
15968.000
15988.000
16008.000
16024.000
16040.000
16064.000
16064.000
16104.000
16148.000
16188.000
16200.000
16200.000
16220.000
16296.000
16304.000
16336.000
16336.000
16376.000
16376.000
16380.000
16424.000
16424.000
16424.000
16424.000
16432.000
16444.000
16448.000
16452.000
16452.000
16464.000
16452.000
16464.000
16464.000
16452.000
16448.000
16448.000
16448.000
16448.000
16452.000
16452.000
16464.000
16464.000
16508.000
16508.000
16516.000
16532.000
16532.000
16532.000
16536.000
16536.000
16536.000
16536.000
16552.000
16612.000
16624.000
16656.000
16672.000
16692.000
16692.000
16712.000
16712.000
16764.000
16784.000
16788.000
16824.000
16828.000
16832.000
16836.000
16960.000
17052.000
17056.000
17068.000
17080.000
17080.000
17080.000
17080.000
17080.000
17068.000
17068.000
17056.000
17016.000
16960.000
16960.000
16932.000
16932.000
16932.000
16932.000
16932.000
16880.000
16848.000
16780.000
16760.000
16732.000
16732.000
16732.000
16732.000
16700.000
16692.000
16672.000
16692.000
16692.000
16700.000
16700.000
16692.000
16684.000
16692.000
16700.000
16700.000
16692.000
16700.000
16708.000
16708.000
16708.000
16700.000
16708.000
16716.000
16716.000
16716.000
16708.000
16708.000
16708.000
16708.000
16708.000
16708.000
16696.000
16696.000
16696.000
16696.000
16696.000
16696.000
16696.000
16696.000
16696.000
16696.000
16696.000
16696.000
16696.000
16696.000
16696.000
16696.000
16696.000
16696.000
16696.000
16696.000
16696.000
16696.000
16696.000
16708.000
16708.000
16708.000
16708.000
16708.000
16708.000
16708.000
16708.000
16708.000
16708.000
16708.000
16708.000
16708.000
16708.000
16708.000
16708.000
16704.000
16700.000
16704.000
16704.000
16708.000
16704.000
16700.000
16700.000
16700.000
16700.000
16696.000
16692.000
16692.000
16692.000
16692.000
16692.000
16692.000
16692.000
16692.000
16692.000
16692.000
16692.000
16692.000
16692.000
16692.000
16692.000
16692.000
16692.000
16700.000
16700.000
16700.000
16708.000
16700.000
16700.000
16700.000
16700.000
16708.000
16708.000
16708.000
16720.000
16720.000
16720.000
16708.000
16708.000
16708.000
16708.000
16708.000
16724.000
16724.000
16724.000
16724.000
16724.000
16724.000
16724.000
16724.000
16724.000
16724.000
16728.000
16732.000
16732.000
16732.000
16732.000
16732.000
16732.000
16740.000
16744.000
16740.000
16740.000
16744.000
16760.000
16768.000
16760.000
16760.000
16768.000
16776.000
16788.000
16788.000
16792.000
16796.000
16800.000
16808.000
16820.000
16936.000
16956.000
16956.000
16848.000
16844.000
16844.000
16844.000
16844.000
16820.000
16820.000
16844.000
16848.000
16848.000
16932.000
16960.000
16996.000
17008.000
16996.000
16996.000
16996.000
16932.000
16848.000
16844.000
16824.000
16712.000
16712.000
16692.000
16692.000
16668.000
16692.000
16692.000
16712.000
16824.000
16876.000
16876.000
16824.000
16712.000
16692.000
16692.000
16668.000
16652.000
16624.000
16624.000
16624.000
16624.000
16588.000
16588.000
16556.000
16556.000
16544.000
16544.000
16544.000
16544.000
16544.000
16540.000
16532.000
16512.000
16512.000
16508.000
16508.000
16504.000
16480.000
16472.000
16424.000
16424.000
16420.000
16420.000
16328.000
16284.000
16280.000
16276.000
16236.000
16212.000
16208.000
16176.000
16160.000
16156.000
16156.000
16148.000
16148.000
16140.000
16120.000
16104.000
16104.000
16084.000
16068.000
16036.000
16036.000
16036.000
16036.000
16024.000
16020.000
15972.000
15812.000
15812.000
15776.000
15744.000
15740.000
15732.000
15720.000
15708.000
15688.000
15676.000
15668.000
15636.000
15632.000
15624.000
15620.000
15620.000
15620.000
15584.000
15500.000
15452.000
15416.000
15304.000
15280.000
15280.000
15268.000
15232.000
15168.000
15128.000
15032.000
14992.000
14992.000
14992.000
14968.000
14944.000
14916.000
14888.000
14872.000
14844.000
14844.000
14824.000
14800.000
14784.000
14780.000
14772.000
14772.000
14772.000
14772.000
14772.000
14772.000
14772.000
14840.000
14840.000
14748.000
14744.000
14712.000
14704.000
14676.000
14616.000
14616.000
14616.000
14604.000
14568.000
14524.000
14524.000
14524.000
14524.000
14604.000
14676.000
14676.000
14676.000
14648.000
14604.000
14524.000
14524.000
14484.000
14448.000
14440.000
14436.000
14424.000
14356.000
14336.000
14336.000
14356.000
14424.000
14436.000
14440.000
14464.000
14476.000
14524.000
14600.000
14560.000
14524.000
14512.000
14476.000
14464.000
14436.000
14424.000
14372.000
14320.000
14372.000
14464.000
14476.000
14500.000
14512.000
14512.000
14512.000
14500.000
14500.000
14512.000
14512.000
14512.000
14512.000
14512.000
14512.000
14512.000
14512.000
14564.000
14648.000
14672.000
14676.000
14676.000
14684.000
14776.000
14816.000
14856.000
14876.000
14932.000
14968.000
14976.000
14992.000
15020.000
15064.000
15080.000
15092.000
15100.000
15124.000
15224.000
15280.000
15376.000
15388.000
15388.000
15388.000
15388.000
15388.000
15388.000
15388.000
15388.000
15388.000
15388.000
15388.000
15388.000
15388.000
15424.000
15424.000
15424.000
15424.000
15424.000
15424.000
15388.000
15312.000
15312.000
15312.000
15312.000
15312.000
15312.000
15320.000
15424.000
15436.000
15448.000
15448.000
15448.000
15448.000
15476.000
15476.000
15476.000
15476.000
15500.000
15624.000
15640.000
15652.000
15776.000
15784.000
15824.000
15920.000
15924.000
16088.000
16088.000
16088.000
16112.000
16112.000
16128.000
16168.000
16172.000
16176.000
16216.000
16228.000
16256.000
16268.000
16288.000
16324.000
16348.000
16356.000
16384.000
16500.000
16620.000
16752.000
16752.000
16784.000
16804.000
16812.000
16820.000
16856.000
16860.000
16868.000
16876.000
16884.000
16884.000
16884.000
16884.000
16884.000
16876.000
16876.000
16860.000
16860.000
16856.000
16820.000
16812.000
16804.000
16804.000
16804.000
16804.000
16804.000
16796.000
16788.000
16788.000
16784.000
16776.000
16776.000
16752.000
16748.000
16748.000
16716.000
16716.000
16748.000
16752.000
16776.000
16776.000
16760.000
16760.000
16760.000
16760.000
16760.000
16748.000
16716.000
16708.000
16708.000
16708.000
16708.000
16708.000
16716.000
16748.000
16748.000
16748.000
16748.000
16716.000
16716.000
16760.000
16604.000
16604.000
16604.000
16600.000
16600.000
16604.000
16652.000
16652.000
16656.000
16700.000
16728.000
16752.000
16752.000
16748.000
16728.000
16728.000
16744.000
16728.000
16728.000
16732.000
16728.000
16732.000
16732.000
16728.000
16728.000
16732.000
16732.000
16732.000
16732.000
16732.000
16728.000
16732.000
16732.000
16728.000
16728.000
16724.000
16724.000
16720.000
16724.000
16732.000
16724.000
16720.000
16724.000
16724.000
16720.000
16724.000
16724.000
16724.000
16728.000
16724.000
16724.000
16720.000
16720.000
16720.000
16720.000
16720.000
16720.000
16728.000
16728.000
16728.000
16732.000
16728.000
16728.000
16728.000
16728.000
16728.000
16728.000
16728.000
16728.000
16728.000
16728.000
16728.000
16728.000
16712.000
16728.000
16716.000
16716.000
16712.000
16708.000
16712.000
16712.000
16712.000
16712.000
16712.000
16712.000
16708.000
16708.000
16708.000
16708.000
16708.000
16708.000
16708.000
16708.000
16708.000
16708.000
16712.000
16708.000
16708.000
16712.000
16708.000
16708.000
16712.000
16716.000
16716.000
16724.000
16724.000
16724.000
16716.000
16716.000
16716.000
16724.000
16724.000
16724.000
16720.000
16716.000
16720.000
16724.000
16720.000
16716.000
16720.000
16716.000
16722.000
16728.000
16724.000
16732.000
