-142.000
-142.500
-143.000
-142.500
-142.000
-142.500
-142.000
-138.000
-134.000
-138.000
-142.000
-138.000
-134.000
-137.000
-137.000
-134.000
-134.000
-134.000
-134.000
-128.000
-128.000
-128.000
-128.000
-110.000
-111.000
-111.000
-111.000
-111.000
-128.000
-134.000
-134.000
-128.000
-128.000
-128.000
-128.000
-128.000
-134.000
-134.000
-111.000
-105.000
-111.000
-134.000
-134.000
-134.000
-146.000
-146.000
-146.000
-146.000
-146.000
-146.000
-146.000
-146.000
-69.000
-69.000
-69.000
-69.000
-114.000
-114.000
-114.000
-114.000
-114.000
-98.000
-98.000
-105.000
-114.000
-105.000
-98.000
-105.000
-105.000
-105.000
-105.000
-105.000
-105.000
-110.000
-114.000
-110.000
-110.000
-114.000
-114.000
-110.000
-110.000
-110.000
-110.000
-110.000
-110.000
-105.000
-110.000
-113.000
-113.000
-113.000
-117.000
-118.000
-118.000
-118.000
-118.000
-122.000
-122.000
-122.000
-118.000
-118.000
-118.000
-122.000
-118.000
-118.000
-122.000
-123.000
-122.000
-123.000
-123.000
-122.000
-122.000
-122.000
-122.000
-122.000
-122.000
-133.000
-133.000
-129.000
-129.000
-129.000
-117.000
-117.000
-117.000
-128.000
-117.000
-117.000
-117.000
-117.000
-115.000
-51.000
-51.000
-51.000
-51.000
-51.000
-51.000
-59.000
-75.000
-75.000
-75.000
-75.000
-75.000
-75.000
-75.000
-76.000
-76.000
-82.000
-95.000
-100.000
-100.000
-100.000
-100.000
-95.000
-100.000
-108.000
-108.000
-149.000
-149.000
-149.000
-149.000
-149.000
-149.000
-149.000
-149.000
-149.000
-149.000
-149.000
-171.000
-171.000
-144.000
-144.000
-142.000
-105.000
-105.000
-105.000
-112.000
-112.000
-115.000
-115.000
-112.000
-115.000
-115.000
-112.000
-115.000
-122.000
-115.000
-122.000
-122.000
-115.000
-113.000
-115.000
-115.000
-113.000
-113.000
-113.000
-113.000
-113.000
-113.000
-113.000
-113.000
-113.000
-113.000
-113.000
-113.000
-116.000
-116.000
-113.000
-113.000
-113.000
-113.000
-113.000
-113.000
-113.000
-113.000
-113.000
-113.000
-113.000
-113.000
-116.000
-116.000
-116.000
-116.000
-116.000
-116.000
-116.000
-116.000
-115.000
-114.000
-113.000
-112.000
-112.000
-112.000
-113.000
-113.000
-112.000
-113.000
-112.000
-111.000
-112.000
-114.000
-112.000
-112.000
-112.000
-111.000
-111.000
-111.000
-111.000
-111.000
-111.000
-111.000
-111.000
-111.000
-111.000
-111.000
-112.000
-112.000
-112.000
-112.000
-113.000
-113.000
-113.000
-114.000
-114.000
-113.000
-112.000
-112.000
-111.000
-112.000
-112.000
-112.000
-112.000
-112.000
-112.000
-112.000
-112.000
-111.000
-111.000
-112.000
-112.000
-112.000
-111.000
-112.000
-112.000
-112.000
-112.000
-111.000
-110.000
-111.000
-112.000
-115.000
-115.000
-115.000
-114.000
-114.000
-114.000
-112.000
-114.000
-114.000
-115.000
-115.000
-115.000
-115.000
-115.000
-115.000
-115.000
-115.000
-114.000
-113.000
-113.000
-113.000
-114.000
-114.000
-114.000
-114.000
-113.000
-113.000
-113.000
-113.000
-113.000
-113.000
-113.000
-113.000
-113.000
-112.000
-112.000
-112.000
-112.000
-112.000
-112.000
-112.000
-112.000
-113.000
-113.000
-113.000
-113.000
-113.000
-113.000
-113.000
-113.000
-113.000
-113.000
-114.000
-114.000
-113.000
-113.000
-113.000
-113.000
-115.000
-116.000
-116.000
-116.000
-115.000
-115.000
-115.000
-115.000
-116.000
-116.000
-115.000
-115.000
-106.000
-106.000
-115.000
-106.000
-106.000
-115.000
-106.000
-105.000
-105.000
-122.000
-127.000
-127.000
-125.000
-122.000
-113.000
-113.000
-113.000
-113.000
-113.000
-121.000
-121.000
-113.000
-113.000
-114.000
-114.000
-114.000
-114.000
-113.000
-113.000
-113.000
-113.000
-114.000
-114.000
-113.000
-113.000
-113.000
-114.000
-114.000
-115.000
-115.000
-115.000
-118.000
-118.000
-118.000
-115.000
-118.000
-118.000
-127.000
-130.000
-130.000
-130.000
-140.000
-140.000
-140.000
-146.000
-169.000
-169.000
-169.000
-170.000
-170.000
-169.000
-170.000
-169.000
-169.000
-169.000
-158.000
-158.000
-158.000
-151.000
-158.000
-158.000
-169.000
-169.000
-169.000
-170.000
-174.000
-174.000
-177.000
-188.000
-189.000
-195.000
-196.000
-196.000
-224.000
-233.000
-282.000
-292.000
-311.000
-324.000
-331.000
-333.000
-338.000
-345.000
-345.000
-348.000
-349.000
-358.000
-360.000
-369.000
-376.000
-397.000
-417.000
-424.000
-440.000
-450.000
-468.000
-468.000
-468.000
-468.000
-468.000
-468.000
-468.000
-468.000
-468.000
-468.000
-468.000
-462.000
-450.000
-450.000
-423.000
-416.000
-414.000
-409.000
-405.000
-405.000
-405.000
-405.000
-405.000
-405.000
-405.000
-405.000
-405.000
-409.000
-405.000
-405.000
-409.000
-416.000
-418.000
-424.000
-426.000
-428.000
-428.000
-436.000
-436.000
-441.000
-442.000
-454.000
-456.000
-456.000
-456.000
-458.000
-458.000
-458.000
-458.000
-458.000
-459.000
-460.000
-460.000
-461.000
-463.000
-464.000
-465.000
-465.000
-470.000
-470.000
-470.000
-465.000
-465.000
-465.000
-465.000
-465.000
-465.000
-465.000
-465.000
-470.000
-470.000
-470.000
-479.000
-479.000
-485.000
-489.000
-496.000
-497.000
-497.000
-496.000
-497.000
-497.000
-497.000
-497.000
-497.000
-497.000
-497.000
-503.000
-503.000
-506.000
-507.000
-507.000
-506.000
-506.000
-503.000
-496.000
-493.000
-492.000
-490.000
-490.000
-488.000
-485.000
-478.000
-472.000
-472.000
-470.000
-468.000
-468.000
-466.000
-461.000
-461.000
-461.000
-459.000
-458.000
-458.000
-456.000
-450.000
-437.000
-434.000
-415.000
-415.000
-406.000
-406.000
-406.000
-406.000
-406.000
-406.000
-406.000
-406.000
-406.000
-406.000
-394.000
-391.000
-391.000
-391.000
-391.000
-391.000
-394.000
-394.000
-394.000
-394.000
-394.000
-394.000
-394.000
-394.000
-381.000
-367.000
-360.000
-337.000
-336.000
-319.000
-302.000
-287.000
-284.000
-261.000
-258.000
-252.000
-223.000
-209.000
-201.000
-198.000
-198.000
-191.000
-184.000
-184.000
-178.000
-174.000
-173.000
-162.000
-158.000
-158.000
-157.000
-157.000
-122.000
-109.000
-56.000
-56.000
-49.000
-37.000
-35.000
-35.000
-33.000
-32.000
-32.000
-31.000
-21.000
-19.000
-19.000
-10.000
-6.000
11.000
20.000
33.000
46.000
46.000
47.000
59.000
61.000
61.000
65.000
68.000
72.000
74.000
77.000
91.000
96.000
103.000
103.000
103.000
117.000
118.000
123.000
127.000
132.000
140.000
141.000
145.000
149.000
160.000
162.000
166.000
174.000
184.000
188.000
202.000
203.000
206.000
221.000
223.000
223.000
229.000
245.000
246.000
247.000
263.000
264.000
265.000
289.000
321.000
334.000
345.000
354.000
356.000
356.000
359.000
359.000
359.000
359.000
364.000
364.000
364.000
375.000
382.000
382.000
387.000
396.000
396.000
388.000
396.000
401.000
401.000
401.000
413.000
413.000
408.000
408.000
401.000
401.000
401.000
401.000
401.000
401.000
401.000
398.000
391.000
391.000
388.000
355.000
355.000
355.000
355.000
355.000
348.000
347.000
334.000
331.000
327.000
327.000
322.000
317.000
307.000
306.000
302.000
301.000
290.000
290.000
290.000
289.000
289.000
254.000
251.000
250.000
245.000
244.000
219.000
215.000
213.000
211.000
208.000
194.000
173.000
168.000
159.000
155.000
153.000
149.000
142.000
141.000
141.000
133.000
130.000
130.000
130.000
130.000
119.000
119.000
119.000
119.000
119.000
122.000
122.000
125.000
128.000
128.000
125.000
125.000
125.000
125.000
125.000
125.000
125.000
125.000
122.000
109.000
109.000
109.000
99.000
93.000
68.000
68.000
59.000
59.000
56.000
53.000
43.000
43.000
42.000
40.000
35.000
28.000
24.000
18.000
13.000
2.000
2.000
-2.000
-4.000
-4.000
-6.000
-6.000
-23.000
-26.000
-26.000
-54.000
-60.000
-70.000
-70.000
-81.000
-91.000
-91.000
-91.000
-95.000
-98.000
-95.000
-95.000
-98.000
-98.000
-98.000
-103.000
-107.000
-107.000
-107.000
-107.000
-108.000
-107.000
-107.000
-107.000
-107.000
-108.000
-107.000
-107.000
-108.000
-108.000
-108.000
-107.000
-107.000
-108.000
-107.000
-107.000
-108.000
-111.000
-111.000
-108.000
-107.000
-111.000
-111.000
-108.000
-107.000
-107.000
-108.000
-110.000
-112.000
-110.000
-110.000
-112.000
-120.000
-112.000
-112.000
-118.000
-120.000
-124.000
-124.000
-127.000
-127.000
-131.000
-131.000
-130.000
-130.000
-130.000
-130.000
-130.000
-130.000
-130.000
-131.000
-131.000
-130.000
-130.000
-131.000
-132.000
-134.000
-134.000
-137.000
-137.000
-137.000
-137.000
-142.000
-144.000
-144.000
-144.000
-144.000
-144.000
-147.000
-156.000
-158.000
-158.000
-158.000
-167.000
-167.000
-167.000
-168.000
-179.000
-185.000
-217.000
-244.000
-299.000
-481.000
-481.000
-491.000
-558.000
-598.000
-609.000
-612.000
-612.000
-612.000
-612.000
-612.000
-612.000
-612.000
-612.000
-612.000
-612.000
-612.000
-609.000
-600.000
-600.000
-600.000
-567.000
-567.000
-559.000
-555.000
-546.000
-546.000
-546.000
-533.000
-533.000
-533.000
-532.000
-532.000
-533.000
-546.000
-546.000
-549.000
-559.000
-567.000
-573.000
-574.000
-600.000
-606.000
-640.000
-652.000
-640.000
-652.000
-689.000
-715.000
-717.000
-718.000
-721.000
-756.000
-756.000
-763.000
-784.000
-788.000
-794.000
-802.000
-808.000
-809.000
-809.000
-809.000
-809.000
-809.000
-809.000
-809.000
-809.000
-809.000
-808.000
-808.000
-808.000
-804.000
-790.000
-784.000
-752.000
-739.000
-738.000
-703.000
-676.000
-650.000
-645.000
-617.000
-578.000
-574.000
-532.000
-532.000
-527.000
-520.000
-518.000
-518.000
-512.000
-504.000
-501.000
-491.000
-485.000
-484.000
-474.000
-462.000
-449.000
-438.000
-425.000
-402.000
-398.000
-391.000
-359.000
-349.000
-335.000
-321.000
-317.000
-317.000
-310.000
-310.000
-299.000
-299.000
-291.000
-288.000
-282.000
-281.000
-278.000
-260.000
-259.000
-252.000
-246.000
-204.000
-202.000
-172.000
-135.000
-134.000
-86.000
-83.000
-78.000
-70.000
-35.000
-15.000
-9.000
-6.000
-5.000
-4.000
-2.000
3.000
5.000
15.000
16.000
17.000
20.000
23.000
56.000
108.000
152.000
196.000
200.000
217.000
222.000
226.000
242.000
243.000
255.000
257.000
259.000
276.000
282.000
300.000
300.000
306.000
313.000
317.000
341.000
342.000
357.000
360.000
363.000
374.000
385.000
395.000
395.000
428.000
432.000
432.000
435.000
435.000
435.000
438.000
438.000
435.000
435.000
438.000
435.000
435.000
435.000
431.000
418.000
408.000
408.000
408.000
408.000
408.000
408.000
413.000
418.000
426.000
426.000
426.000
431.000
431.000
436.000
440.000
436.000
436.000
436.000
436.000
431.000
431.000
431.000
430.000
430.000
430.000
436.000
436.000
430.000
436.000
430.000
419.000
414.000
412.000
411.000
410.000
410.000
405.000
404.000
399.000
398.000
398.000
390.000
376.000
371.000
368.000
357.000
348.000
345.000
345.000
345.000
316.000
288.000
288.000
288.000
286.000
268.000
268.000
264.000
261.000
239.000
239.000
215.000
215.000
198.000
154.000
152.000
152.000
152.000
134.000
131.000
119.000
119.000
119.000
115.000
108.000
106.000
86.000
70.000
69.000
60.000
35.000
14.000
12.000
2.000
0.000
-2.000
-9.000
-16.000
-17.000
-32.000
-65.000
-73.000
-73.000
-74.000
-77.000
-85.000
-97.000
-102.000
-103.000
-104.000
-104.000
-104.000
-106.000
-108.000
-108.000
-108.000
-109.000
-109.000
-109.000
-109.000
-110.000
-111.000
-110.000
-110.000
-109.000
-109.000
-108.000
-108.000
-108.000
-106.000
-106.000
-106.000
-106.000
-105.000
-105.000
-105.000
-106.000
-105.000
-103.000
-103.000
-103.000
-102.000
-100.000
-100.000
-100.000
-100.000
-100.000
-100.000
-99.000
-99.000
-99.000
-100.000
-99.000
-87.000
-99.000
-116.000
-103.000
-111.000
-116.000
-116.000
-112.000
-112.000
-115.000
-115.000
-114.000
-112.000
-114.000
-114.000
-112.000
-112.000
-114.000
-112.000
-112.000
-114.000
-114.000
-114.000
-114.000
-114.000
-114.000
-114.000
-114.000
-114.000
-115.000
-115.000
-115.000
-116.000
-119.000
-116.000
-119.000
-119.000
-119.000
-116.000
-118.000
-119.000
-118.000
-116.000
-118.000
-116.000
-116.000
-118.000
-118.000
-118.000
-118.000
-118.000
-118.000
-118.000
-118.000
-115.000
-115.000
-115.000
-115.000
-115.000
-118.000
-118.000
-119.000
-119.000
-119.000
-121.000
-124.000
-125.000
-125.000
-125.000
-127.000
-128.000
-128.000
-132.000
-135.000
-146.000
-146.000
-156.000
-159.000
-167.000
-173.000
-179.000
-179.000
-185.000
-204.000
-207.000
-207.000
-209.000
-215.000
-253.000
-300.000
-311.000
-334.000
-431.000
-529.000
-568.000
-571.000
-580.000
-589.000
-590.000
-590.000
-594.000
-612.000
-613.000
-633.000
-640.000
-649.000
-672.000
-682.000
-687.000
-696.000
-696.000
-699.000
-699.000
-701.000
-701.000
-701.000
-701.000
-701.000
-701.000
-701.000
-701.000
-701.000
-701.000
-701.000
-701.000
-688.000
-681.000
-603.000
-602.000
-575.000
-575.000
-575.000
-574.000
-572.000
-569.000
-569.000
-569.000
-569.000
-569.000
-569.000
-569.000
-569.000
-569.000
-569.000
-572.000
-581.000
-581.000
-589.000
-595.000
-605.000
-608.000
-611.000
-612.000
-614.000
-624.000
-633.000
-638.000
-642.000
-644.000
-644.000
-644.000
-649.000
-649.000
-649.000
-649.000
-649.000
-659.000
-659.000
-659.000
-649.000
-649.000
-649.000
-649.000
-645.000
-645.000
-645.000
-645.000
-641.000
-641.000
-633.000
-633.000
-633.000
-633.000
-633.000
-627.000
-622.000
-618.000
-618.000
-618.000
-611.000
-611.000
-611.000
-605.000
-594.000
-543.000
-541.000
-515.000
-484.000
-479.000
-422.000
-361.000
-357.000
-353.000
-340.000
-336.000
-332.000
-330.000
-312.000
-307.000
-307.000
-302.000
-299.000
-295.000
-282.000
-256.000
-234.500
-213.000
-191.000
-169.000
-155.000
-141.000
-75.500
-10.000
-0.500
9.000
12.500
16.000
