-155
-95
-136
-93
-115
-116
-103
-116
-131
-92
-125
-130
-108
-111
-84
-115
-116
-99
-123
-98
-122
-133
-101
-121
-115
-110
-115
-115
-112
-118
-107
-106
-96
-136
-112
-100
-100
-44
-77
-132
-31
-210
-248
57
-121
-85
-47
-122
-11
-280
-74
-5
-188
-65
-81
-151
17
-77
-145
-49
-110
-123
-92
-25
-122
-69
-169
-131
-91
-156
-169
-5
34
168
-62
-189
-228
-93
-38
-481
-703
-1123
-1246
-1090
-624
-158
142
234
332
134
-122
-416
-518
-415
-168
-38
47
-171
-396
-378
-217
-215
-256
-256
-368
-456
-437
-315
-153
-157
-247
-366
-577
-611
-553
-453
-463
-389
-364
-303
-165
-174
-411
-678
-713
-665
-542
-276
-267
-408
-508
-540
-338
-32
32
-112
-379
-699
-661
-614
-509
-409
-376
-368
-482
-507
-699
-858
-893
-795
-664
-616
-641
-723
-810
-711
-697
-657
-668
-925
-1097
-1107
-1016
-789
-652
-757
-933
-1157
-1295
-1321
-1249
-1127
-1028
-879
-760
-968
-1092
-953
-874
-840
-1003
-1285
-1386
-1264
-1017
-857
-823
-910
-1021
-1062
-1201
-1218
-1116
-1059
-1011
-1024
-1151
-1211
-1280
-1280
-1330
-1226
-1101
-1138
-1340
-1414
-1351
-1266
-1114
-853
-937
-960
-937
-924
-549
-601
-716
-699
-676
-1302
-1735
-1617
-1466
-887
-1090
-1720
-1776
-507
-10
48
-51
-498
-992
-1453
-1700
-1807
-1800
-1747
-1364
-851
-275
-298
-502
-1364
-1350
-1392
-1351
-1110
-743
-341
-51
115
115
14
107
17
-218
-476
-704
-834
-941
-856
-547
-159
99
-27
-313
-599
-1234
140
919
1002
1301
1223
784
155
-431
-887
-989
-821
-566
-460
-416
-214
98
275
60
-197
-196
-47
174
340
191
168
-15
-127
-47
176
247
165
28
-8
34
117
-331
-226
-129
4
0
-177
-103
32
449
118
-236
-724
-576
-506
-516
-436
-721
-611
-417
137
727
896
683
375
145
-58
-4
47
392
235
200
366
80
302
664
392
177
323
337
145
461
439
67
-60
113
514
1015
846
861
684
483
507
468
9
222
155
111
94
145
215
309
736
989
989
717
539
468
525
615
557
326
185
66
77
242
448
672
870
1012
990
940
769
417
38
-42
308
673
808
690
312
-143
-168
340
794
1063
1030
426
105
113
309
406
223
-30
-188
97
444
488
506
541
662
1033
1458
1029
657
232
-154
-291
-217
-1
168
264
618
473
539
476
479
419
525
582
761
615
395
122
112
293
436
691
929
1142
1144
1023
1010
1059
1115
1127
1270
1511
1718
1675
1565
1416
1477
1709
1707
1287
845
865
1020
1303
1275
1147
774
500
628
839
834
686
560
488
573
745
854
905
937
1062
1148
1172
1200
1213
1046
834
775
936
1019
1134
1161
994
859
745
422
-2
-186
-275
-181
-44
-53
-286
-476
-657
-498
-263
-343
-446
-460
-394
-350
-267
-72
126
308
190
67
-93
-202
-123
110
209
271
223
147
117
63
-12
-95
-145
-19
97
101
159
343
459
558
602
621
644
568
392
199
214
420
641
839
835
649
421
264
199
-16
-272
-284
-250
-205
-364
-566
-586
-547
-580
-673
-740
-715
-750
-744
-848
-1077
-1181
-1227
-1274
-1166
-1092
-1102
-933
-799
-731
-748
-672
-551
-569
-620
-790
-1063
-1449
-1680
-1658
-1656
-1610
-1545
-1491
-1531
-1536
-1452
-1351
-1179
-1175
-1045
-881
-739
-582
-542
-547
-615
-765
-822
-957
-1278
-1447
-1289
-1099
-885
-643
-498
-630
-751
-766
-807
-1087
-1367
-1411
-1500
-1377
-1276
-1314
-1124
-743
-393
-275
-362
-325
-289
-311
-318
-359
-473
-695
-833
-902
-765
-538
-655
-952
-991
-790
-713
-772
-874
-925
-868
-930
-958
-902
-926
-924
-977
-1009
-936
-747
-529
-620
-750
-717
-692
-697
-717
-686
-621
-634
-304
-76
-103
-94
-141
-397
-655
-770
-821
-835
-810
-717
-454
-192
-194
-385
-484
-345
-75
185
279
269
202
139
98
-8
-150
-40
87
203
232
242
357
209
302
292
376
312
427
401
374
463
352
264
317
492
670
678
792
619
421
300
264
430
665
712
733
676
543
519
587
478
440
597
607
505
370
762
652
586
475
404
566
670
609
459
395
313
104
43
104
299
698
1068
1130
1086
892
752
714
697
775
787
629
605
536
377
306
299
226
70
-141
-109
166
369
463
360
249
172
-92
-200
-288
-543
-656
-783
-775
-483
-202
-102
-81
-151
-370
-788
-1024
-850
-671
-553
-478
-392
-240
-159
-284
-717
-1051
-1286
-1066
-764
-497
-418
-386
-343
-409
-504
-707
-879
-840
-712
-450
-334
-336
-398
-448
-456
-280
-166
-193
-178
-161
-253
-255
-469
-845
-1031
-1013
-893
-988
-1035
-880
-769
-365
158
441
449
328
69
16
-185
-425
-564
-604
-574
-346
-51
67
15
-16
-67
-67
-1694
-683
-1159
-847
-531
-144
-36
26
-24
182
42
-79
210
-138
-353
-515
-451
-315
-153
-733
-698
-1241
271
256
-455
-327
-59
-43
-336
-215
-217
-227
-462
-23
480
29
240
-172
-256
-138
-360
-222
-515
-470
-239
16
-154
-213
-228
-25
-406
-38
66
-6
-181
416
267
-119
-265
-6
-67
-112
-200
-196
-345
-135
-88
-483
-408
-165
10
-28
-118
-84
-627
-504
-136
-252
333
-19
-244
-375
-553
346
-722
-86
24
-277
-409
659
170
209
-485
196
672
-559
-354
201
-277
363
782
642
-37
12
-940
-456
-747
-585
216
485
50
-483
889
-26
-328
-273
171
-355
-288
117
179
80
-471
-198
-75
-478
-173
-631
-231
110
-281
-159
210
23
4
-139
-9
-378
-150
-202
-195
-369
66
-164
-523
-182
-85
14
323
118
-106
-302
-182
-540
-192
151
165
183
106
301
-224
471
-34
-230
-160
16
-111
-25
115
-310
463
120
-16
-168
19
-42
-140
-123
-151
-65
-215
-129
-133
-101
-53
-105
-261
-117
-41
-81
-39
-181
-37
-54
-20
-89
-109
-151
-183
-37
-230
-137
-75
-95
-9
-166
8
-64
-208
-211
-280
-169
-111
-129
-176
-144
-117
-69
-145
-131
-53
-138
-74
-171
-60
-1
-77
-103
-90
-107
-13
-178
-172
-145
-56
-124
-161
-119
-110
-104
-126
-165
-127
-96
-94
-212
-23
-158
-128
-105
-117
-99
-120
-86
-67
-127
-103
-89
-68
-150
-70
-131
-77
-142
-95
-162
-66
-36
-348
37
-154
-62
-117
-141
-172
-8
-73
-76
-111
-209
-19
-116
-102
-79
-137
-162
-84
-107
-133
-177
-30
-174
-142
-310
-66
39
-94
-241
-278
-340
-142
-165
-89
181
-21
-260
-349
-13
69
-95
-270
-233
-215
-38
-26
-66
-125
-154
-115
-67
-81
-106
-151
-155
-90
-70
-162
-164
-101
-51
-89
-93
-88
20
30
8
7
98
-299
-104
-66
-152
-118
-78
-150
-64
-149
-165
-21
-188
-74
-118
-93
-47
-204
-76
-98
-169
-92
-137
-104
-108
-107
-105
-141
-85
-148
-123
-113
-105
-119
-137
-117
-100
-112
-99
-101
-124
-107
-111
-109
-108
-107
-113
-113
-107
-120
-117
-114
-119
-122
-112
-108
-109
-114
-115
-103
-115
-107
-118
-109
-118
-101
-103
-115
-117
-117
-104
-113
-107
-104
-112
-113
-111
-119
-124
-115
-109
-112
-137
-116
-125
-133
-106
-113
-108
-104
-94
-123
-125
-120
-107
-114
-105
-108
-109
-115
-105
-119
-105
-111
-113
-110
-128
-110
-109
-116
-111
-121
-115
-111
-116
-112
-110
-116
-101
-111
-102
-100
-119
-128
-122
-111
-112
-113
-110
-121
-123
-118
-107
-105
-124
-119
-118
-101
-120
-116
-123
-115
-122
-110
-103
-113
-114
-103
-121
-120
-122
-115
-125
-102
-115
-96
-119
-107
-125
-122
-95
-127
-108
-112
-127
-122
-127
-109
-106
-107
-109
-103
-115
-117
-107
-112
-125
-118
-110
-125
-111
-106
-124
-115
-109
-113
-121
-105
-116
-115
-114
-107
-113
-100
-108
-129
-116
-113
-110
-125
-110
-116
-117
-126
-117
-106
-118
-117
-108
-110
-110
-110
-109
-113
-115
-115
-106
-130
-118
-120
-110
-121
-106
-123
-104
-110
-113
-111
-119
-116
-106
-136
-125
-115
-108
-113
-105
-111
-132
-106
-105
-108
-113
-114
-111
-120
-105
-118
-103
-114
-109
-117
-109
-100
-109
-102
-114
-105
-110
-110
-108
-100
-114
-106
-104
-111
-105
-118
-112
-115
-106
-113
-115
-100
-122
-112
-109
-106
-115
-107
-101
-106
-106
-114
-117
-111
-110
-108
-108
-108
-115
-104
-118
-102
-118
-107
-126
-109
-99
-115
-124
-106
-107
-118
-109
-109
-116
