27.000
27.000
27.000
27.500
28.000
28.000
28.000
30.000
32.000
32.500
33.000
32.500
32.000
32.000
32.000
31.000
31.000
31.000
30.000
31.000
31.000
31.000
32.000
32.000
32.000
33.000
32.000
33.000
32.000
32.000
33.000
33.000
32.000
32.000
31.000
31.000
32.000
33.000
33.000
33.000
33.000
34.000
34.000
36.000
34.000
34.000
34.000
34.000
36.000
36.000
36.000
37.000
37.000
40.000
40.000
40.000
40.000
46.000
46.000
46.000
40.000
39.000
39.000
39.000
40.000
40.000
46.000
47.000
48.000
51.000
51.000
52.000
52.000
52.000
52.000
52.000
52.000
52.000
47.000
39.000
39.000
39.000
34.000
20.000
-28.000
-37.000
-103.000
-125.000
-125.000
-125.000
-132.000
-142.000
-149.000
-155.000
-161.000
-169.000
-171.000
-228.000
-230.000
-232.000
-232.000
-232.000
-232.000
-230.000
-171.000
-169.000
-155.000
-149.000
-149.000
-148.000
-148.000
-148.000
-228.000
-230.000
-230.000
-228.000
-187.000
-183.000
-170.000
-169.000
-169.000
-169.000
-169.000
-169.000
-169.000
-170.000
-183.000
-187.000
-228.000
-236.000
-236.000
-236.000
-236.000
-236.000
-240.000
-281.000
-281.000
-281.000
-323.000
-338.000
-368.000
-382.000
-427.000
-452.000
-453.000
-459.000
-459.000
-459.000
-459.000
-459.000
-459.000
-469.000
-521.000
-555.000
-574.000
-574.000
-574.000
-581.000
-582.000
-582.000
-582.000
-582.000
-588.000
-607.000
-661.000
-662.000
-670.000
-670.000
-670.000
-685.000
-686.000
-686.000
-686.000
-686.000
-686.000
-685.000
-671.000
-667.000
-664.000
-664.000
-664.000
-664.000
-667.000
-671.000
-685.000
-686.000
-695.000
-704.000
-704.000
-704.000
-704.000
-726.000
-737.000
-737.000
-747.000
-752.000
-773.000
-773.000
-784.000
-803.000
-803.000
-803.000
-803.000
-803.000
-803.000
-803.000
-803.000
-803.000
-803.000
-803.000
-752.000
-737.000
-734.000
-623.000
-586.000
-580.000
-385.000
-106.000
243.000
279.000
353.000
370.000
370.000
373.000
497.000
543.000
543.000
543.000
543.000
543.000
543.000
543.000
543.000
543.000
543.000
543.000
543.000
543.000
330.000
320.000
282.000
225.000
130.000
-20.000
-116.000
-223.000
-241.000
-291.000
-298.000
-327.000
-337.000
-341.000
-341.000
-341.000
-341.000
-341.000
-341.000
-341.000
-341.000
-337.000
-327.000
-298.000
-291.000
-278.000
-270.000
-270.000
-230.000
-168.000
-162.000
-151.000
-137.000
-101.000
-83.000
-66.000
-31.000
-2.000
52.000
61.000
82.000
89.000
126.000
126.000
142.000
149.000
151.000
186.000
247.000
247.000
254.000
274.000
275.000
289.000
296.000
296.000
393.000
394.000
471.000
541.000
552.000
586.000
659.000
673.000
750.000
824.000
855.000
862.000
883.000
883.000
883.000
883.000
883.000
862.000
855.000
855.000
855.000
855.000
862.000
916.000
1044.000
1046.000
1116.000
1145.000
1158.000
1163.000
1222.000
1228.000
1244.000
1244.000
1244.000
1424.000
1424.000
1424.000
1424.000
1424.000
1424.000
1424.000
1424.000
1424.000
1424.000
1424.000
1424.000
1424.000
1142.000
1012.000
1012.000
1012.000
1012.000
1012.000
1012.000
1012.000
1012.000
1012.000
1012.000
1012.000
1012.000
1012.000
1089.000
1130.000
1153.000
1258.000
1258.000
1258.000
1258.000
1258.000
1258.000
1258.000
1258.000
1258.000
1258.000
1258.000
1271.000
1272.000
1271.000
1258.000
1242.000
1185.000
1185.000
1181.000
1179.000
1176.000
1136.000
1101.000
1051.000
1043.000
1013.000
1013.000
1013.000
1013.000
1013.000
1013.000
1013.000
1051.000
1101.000
1104.000
1104.000
1101.000
1051.000
903.000
869.000
841.000
841.000
841.000
841.000
841.000
841.000
841.000
841.000
841.000
841.000
841.000
786.000
773.000
773.000
773.000
773.000
773.000
773.000
773.000
773.000
773.000
773.000
786.000
786.000
786.000
786.000
786.000
786.000
786.000
789.000
813.000
825.000
828.000
834.000
834.000
834.000
841.000
843.000
843.000
841.000
834.000
828.000
825.000
813.000
793.000
792.000
733.000
711.000
709.000
699.000
695.000
527.000
498.000
466.000
466.000
466.000
466.000
466.000
466.000
466.000
466.000
466.000
466.000
458.000
452.000
452.000
452.000
452.000
452.000
452.000
442.000
442.000
442.000
442.000
442.000
439.000
406.000
391.000
321.000
239.000
143.000
-10.000
-72.000
-139.000
-324.000
-406.000
-438.000
-527.000
-657.000
-761.000
-906.000
-1146.000
-1377.000
-1497.000
-1517.000
-1596.000
-1596.000
-1604.000
-1605.000
-1605.000
-1605.000
-1618.000
-1658.000
-1692.000
-1753.000
-1766.000
-1803.000
-1856.000
-1925.000
-1963.000
-1984.000
-1984.000
-1963.000
-1925.000
-1921.000
-1830.000
-1803.000
-1773.000
-1753.000
-1737.000
-1737.000
-1737.000
-1737.000
-1737.000
-1737.000
-1737.000
-1737.000
-1737.000
-1680.000
-1594.000
-1496.000
-1496.000
-1496.000
-1496.000
-1496.000
-1496.000
-1496.000
-1496.000
-1496.000
-1496.000
-1443.000
-1391.000
-1358.000
-1294.000
-1294.000
-1309.000
-1358.000
-1443.000
-1465.000
-1495.000
-1515.000
-1532.000
-1546.000
-1546.000
-1546.000
-1550.000
-1577.000
-1550.000
-1546.000
-1532.000
-1515.000
-1495.000
-1489.000
-1480.000
-1465.000
-1465.000
-1465.000
-1465.000
-1465.000
-1465.000
-1401.000
-1357.000
-1304.000
-1288.000
-1259.000
-1183.000
-1046.000
-1041.000
-993.000
-980.000
-955.000
-889.000
-840.000
-830.000
-828.000
-826.000
-646.000
-478.000
-302.000
-143.000
-129.000
-97.000
-81.000
-78.000
-71.000
-49.000
-25.000
57.000
66.000
129.000
147.000
219.000
304.000
306.000
317.000
344.000
349.000
409.000
485.000
513.000
571.000
611.000
616.000
646.000
654.000
657.000
709.000
709.000
709.000
709.000
657.000
649.000
571.000
543.000
543.000
543.000
543.000
543.000
543.000
543.000
543.000
437.000
437.000
426.000
395.000
383.000
383.000
383.000
383.000
379.000
350.000
314.000
314.000
314.000
314.000
314.000
314.000
379.000
395.000
419.000
424.000
437.000
444.000
470.000
470.000
470.000
470.000
470.000
470.000
470.000
480.000
484.000
484.000
484.000
489.000
499.000
505.000
569.000
570.000
570.000
591.000
595.000
614.000
614.000
622.000
644.000
722.000
764.000
817.000
865.000
895.000
902.000
909.000
913.000
943.000
943.000
943.000
943.000
944.000
969.000
969.000
988.000
988.000
969.000
969.000
944.000
943.000
923.000
923.000
923.000
923.000
918.000
902.000
900.000
858.000
827.000
827.000
827.000
779.000
737.000
692.000
692.000
692.000
677.000
660.000
630.000
570.000
570.000
533.000
525.000
521.000
521.000
521.000
521.000
521.000
521.000
521.000
441.000
397.000
345.000
345.000
345.000
345.000
345.000
345.000
345.000
345.000
345.000
345.000
317.000
293.000
292.000
262.000
256.000
256.000
256.000
256.000
256.000
256.000
256.000
256.000
256.000
255.000
207.000
206.000
205.000
196.000
196.000
196.000
196.000
196.000
196.000
196.000
196.000
196.000
196.000
205.000
207.000
238.000
238.000
298.000
298.000
298.000
298.000
298.000
298.000
298.000
298.000
298.000
298.000
298.000
298.000
298.000
132.000
108.000
108.000
108.000
108.000
92.000
92.000
78.000
62.000
62.000
62.000
62.000
62.000
62.000
78.000
92.000
92.000
108.000
113.000
113.000
113.000
113.000
113.000
113.000
113.000
113.000
124.000
122.000
113.000
71.000
71.000
71.000
71.000
71.000
42.000
27.000
8.000
-13.000
-27.000
-28.000
-60.000
-62.000
-84.000
-126.000
-127.000
-135.000
-149.000
-161.000
-164.000
-166.000
-178.000
-200.000
-200.000
-201.000
-234.000
-234.000
-234.000
-234.000
-234.000
-234.000
-234.000
-234.000
-248.000
-248.000
-248.000
-282.000
-282.000
-282.000
-282.000
-287.000
-293.000
-320.000
-321.000
-331.000
-423.000
-466.000
-487.000
-496.000
-508.000
-517.000
-533.000
-533.000
-533.000
-533.000
-533.000
-533.000
-533.000
-517.000
-517.000
-508.000
-508.000
-508.000
-508.000
-508.000
-508.000
-496.000
-496.000
-487.000
-480.000
-448.000
-231.000
-216.000
-174.000
-164.000
-113.000
-105.000
-57.000
-65.000
-65.000
-65.000
-57.000
-40.000
-38.000
-31.000
-31.000
-31.000
-19.000
-19.000
-19.000
-19.000
-19.000
-19.000
-9.000
-18.000
-18.000
-3.000
-3.000
15.000
15.000
15.000
18.000
15.000
15.000
15.000
15.000
15.000
-3.000
-3.000
-5.000
-3.000
-3.000
-5.000
-3.000
15.000
15.000
15.000
-3.000
15.000
16.000
16.000
16.000
16.000
16.000
16.000
16.000
16.000
33.000
33.000
33.000
33.000
30.000
30.000
30.000
30.000
16.000
16.000
16.000
30.000
30.000
30.000
3.000
3.000
-56.000
-56.000
-79.000
-79.000
-79.000
-79.000
-79.000
-79.000
-79.000
-79.000
-84.000
-82.000
-82.000
-75.000
-75.000
-75.000
-56.000
-23.000
-5.000
26.000
26.000
-5.000
-5.000
26.000
26.000
26.000
-5.000
26.000
26.000
47.000
47.000
61.000
47.000
61.000
72.000
72.000
72.000
61.000
47.000
47.000
47.000
47.000
47.000
47.000
44.000
23.000
23.000
23.000
-11.000
-11.000
23.000
23.000
-11.000
23.000
-56.000
-56.000
-69.000
-56.000
-84.000
-84.000
-87.000
-87.000
-87.000
-84.000
-84.000
-84.000
-84.000
-84.000
-84.000
-51.000
-24.000
7.000
19.000
24.000
26.000
24.000
26.000
26.000
26.000
29.000
31.000
33.000
31.000
33.000
33.000
33.000
31.000
31.000
33.000
33.000
33.000
33.000
35.000
35.000
35.000
35.000
35.000
35.000
35.000
35.000
35.000
35.000
35.000
35.000
35.000
34.000
33.000
33.000
31.000
30.000
30.000
31.000
31.000
30.000
31.000
31.000
31.000
31.000
31.000
31.000
31.000
29.000
29.000
29.000
29.000
30.000
31.000
30.000
30.000
30.000
31.000
33.000
33.000
33.000
35.000
35.000
33.000
33.000
33.000
33.000
33.000
31.000
30.000
30.000
29.000
29.000
29.000
29.000
28.000
28.000
28.000
27.000
27.000
28.000
27.000
27.000
27.000
28.000
27.000
27.000
27.000
27.000
28.000
28.000
27.000
28.000
28.000
29.000
29.000
30.000
30.000
33.000
33.000
33.000
30.000
30.000
30.000
30.000
29.000
29.000
29.000
29.000
29.000
29.000
29.000
29.000
29.000
29.000
29.000
29.000
28.000
25.000
25.000
25.000
25.000
25.000
20.000
20.000
20.000
20.000
17.000
16.000
14.000
14.000
16.000
16.000
20.000
20.000
28.000
30.000
30.000
31.000
31.000
31.000
34.000
34.000
34.000
34.000
31.000
31.000
34.000
34.000
34.000
34.000
34.000
35.000
38.000
38.000
38.000
38.000
38.000
38.000
38.000
38.000
39.000
39.000
39.000
39.000
39.000
39.000
39.000
39.000
40.000
40.000
39.000
38.000
38.000
38.000
38.000
37.000
36.000
36.000
34.000
32.000
32.000
30.000
30.000
28.000
28.000
28.000
28.000
28.000
28.000
28.000
28.000
27.000
27.000
27.000
27.000
27.000
28.000
27.000
28.000
28.000
27.000
27.000
27.000
27.000
27.000
27.000
28.000
28.000
28.000
28.000
28.000
28.000
28.000
28.000
28.000
29.000
29.000
29.000
29.000
29.000
29.000
29.000
29.000
29.000
29.000
29.000
29.000
29.000
29.000
29.000
29.000
28.000
27.000
27.000
29.000
29.000
27.000
27.000
27.000
26.000
26.000
26.000
26.000
26.000
26.000
26.000
26.000
28.000
28.000
26.000
26.000
26.000
25.000
25.000
26.000
26.000
26.000
28.000
28.000
26.000
25.000
26.000
28.000
28.000
28.000
28.000
28.000
28.000
28.000
28.000
29.000
29.000
29.000
28.000
28.000
28.000
29.000
29.000
29.000
29.000
29.000
29.000
29.000
29.000
29.000
29.000
29.000
28.000
28.000
28.000
29.000
29.000
29.000
29.000
29.000
28.000
28.000
28.000
28.000
28.000
29.000
28.000
28.000
27.000
28.000
29.000
28.000
28.000
29.000
29.000
29.000
29.000
29.000
29.000
27.000
27.000
26.000
26.000
26.000
26.000
26.000
27.000
26.000
27.000
27.000
27.000
27.000
26.000
26.000
26.000
26.000
26.000
26.000
26.000
26.000
26.000
26.000
26.000
26.000
26.000
26.000
27.000
27.000
26.000
26.000
27.000
27.000
27.000
26.000
26.000
26.000
26.000
27.000
27.000
27.000
28.000
28.000
28.000
30.000
30.000
28.000
30.000
29.000
28.000
28.000
28.000
28.000
29.000
29.000
29.000
29.000
29.000
29.000
29.000
29.000
29.000
29.000
29.000
29.000
29.000
29.000
29.000
29.000
29.000
29.000
29.000
29.000
28.000
28.000
28.000
28.000
27.000
27.000
27.000
27.000
26.000
26.000
26.000
26.000
26.000
26.000
26.000
26.000
26.000
26.000
26.000
26.000
26.000
26.000
26.000
26.000
26.000
26.000
26.000
26.000
27.000
27.000
27.000
27.000
27.000
27.000
27.000
27.000
27.000
27.000
27.000
27.000
26.000
26.000
26.000
26.000
26.000
26.000
26.000
26.000
27.000
26.000
26.000
26.000
26.000
26.000
25.000
25.000
24.000
24.000
24.000
24.000
23.000
23.000
24.000
24.000
24.000
25.000
28.000
28.000
30.000
30.000
30.000
30.000
30.000
30.000
30.000
30.500
31.000
31.000
31.000
31.500
31.000
31.500
31.000
31.500
32.000
