59
24
38
17
33
40
24
23
18
28
27
27
21
35
32
33
34
28
33
40
39
45
36
29
32
30
31
31
30
26
28
36
30
53
38
28
33
45
29
43
25
47
34
33
14
64
19
46
48
33
32
34
54
40
36
36
28
34
46
56
53
48
51
37
51
67
103
28
26
47
52
20
39
34
-28
-37
98
350
493
543
615
586
556
635
451
169
-132
-228
-161
-142
-318
-460
-386
-304
-169
-103
-149
-171
-155
-125
-97
-104
-237
-330
-279
-230
-249
-325
-470
-458
-355
-232
-78
-11
17
63
86
108
64
12
-73
-148
-228
-303
-301
-236
-169
-183
-187
-170
-129
-162
-338
-573
-748
-744
-658
-545
-453
-368
-323
-240
-184
-152
-115
-143
-281
-382
-469
-459
-427
-452
-521
-574
-582
-555
-581
-670
-777
-884
-889
-878
-863
-895
-885
-786
-607
-521
-571
-661
-662
-546
-480
-460
-588
-767
-784
-736
-704
-667
-664
-685
-686
-695
-779
-773
-737
-671
-617
-611
-597
-572
-575
-631
-726
-747
-784
-803
-848
-890
-914
-905
-848
-752
-737
-821
-937
-897
-896
-873
-809
-841
-734
-580
-623
-586
-385
-106
370
497
243
353
373
279
370
2108
625
925
773
661
830
1033
1154
1197
1175
987
767
543
225
-116
-223
130
330
320
282
-20
-422
-885
-1144
-1018
-674
-377
-241
-291
-411
-361
-298
-337
-327
-470
-535
-429
-345
-341
-278
-151
-162
-83
-137
-31
-2
-270
-101
186
271
126
-168
-230
-66
142
318
274
89
61
126
149
82
52
151
254
296
275
247
289
471
586
673
750
883
996
1033
1120
1017
855
552
393
394
541
659
824
862
1116
1158
1228
1397
1464
1222
1244
1046
831
820
689
671
683
725
916
1044
1163
1145
1437
1424
1545
1674
1781
1840
1697
1767
1648
1491
1614
1698
1426
1142
875
620
498
422
332
219
242
429
530
686
850
936
1012
1089
1130
1153
1286
1366
1396
1326
1271
1258
1328
1433
1545
1649
1627
1453
1294
1242
1181
1185
1176
1136
1043
995
1013
1101
1179
1274
1272
1185
1051
869
743
748
742
693
640
695
740
792
796
808
1104
1425
1568
1611
1610
1519
1411
1348
1261
1146
1101
773
903
841
752
624
545
575
596
703
710
786
734
565
498
534
674
789
966
1187
1154
974
892
996
1024
1187
1231
1117
828
711
733
699
695
813
834
825
869
843
792
793
841
878
709
527
389
353
374
373
423
452
416
356
248
285
442
498
466
458
497
562
559
586
640
786
895
859
649
439
406
391
321
239
143
-10
-72
-139
-324
-406
-438
-527
-657
-761
-906
-1146
-1377
-1517
-1497
-1605
-1766
-1856
-1984
-2087
-2108
-2082
-2036
-1963
-2000
-1925
-1753
-1596
-1553
-1604
-1618
-1590
-1597
-1658
-1692
-1803
-2004
-2020
-2013
-2029
-1988
-1984
-2038
-2070
-1921
-1830
-1773
-1737
-1680
-1594
-1496
-1391
-1290
-1227
-1159
-1080
-1036
-1128
-1180
-1191
-1185
-1294
-1443
-1532
-1591
-1639
-1750
-1888
-1970
-1941
-1851
-1605
-1358
-1188
-1132
-1173
-1309
-1465
-1495
-1515
-1597
-1635
-1656
-1659
-1546
-1480
-1489
-1550
-1577
-1532
-1401
-1357
-1304
-1259
-1288
-1183
-993
-840
-826
-828
-889
-955
-1041
-1046
-980
-830
-646
-478
-302
-143
-71
-97
-129
-78
57
147
66
-49
-81
-25
129
349
485
616
646
611
654
780
755
709
657
513
317
219
304
306
344
409
571
798
1059
1220
1362
1364
1237
1044
915
822
745
649
543
426
383
350
291
170
76
120
109
-129
-164
80
294
437
444
395
293
259
424
581
569
379
239
314
419
569
578
470
470
570
634
614
595
644
622
505
352
178
176
241
375
489
480
484
499
591
722
764
817
909
1037
1034
1077
1092
988
913
865
895
943
944
902
969
1019
1030
1076
1063
969
900
858
923
992
1063
1117
1076
918
827
737
570
446
349
267
309
376
498
521
533
570
660
835
893
779
677
692
714
724
630
525
441
397
345
317
262
177
104
74
117
69
100
166
256
293
255
373
582
774
787
638
523
424
392
345
292
206
158
107
205
269
207
94
23
82
188
196
150
49
21
65
100
136
238
353
416
499
545
613
604
548
487
387
372
436
410
298
132
26
18
49
-82
-223
-95
92
108
92
59
-9
-3
78
149
142
113
62
-50
-29
36
134
217
214
281
372
412
243
124
159
152
71
27
-62
-60
-126
-127
8
127
122
42
-27
-13
-28
-84
-164
-161
-200
-149
-135
-277
-283
-248
-338
-409
-417
-282
-166
-178
-201
-321
-331
-320
-293
-188
-234
-287
-154
36
95
140
160
81
13
-557
-423
-555
-615
-566
-634
-568
-545
-508
-466
-533
-517
-496
-487
-556
-542
-599
-624
-626
-216
97
98
5
-231
-174
-105
-448
-480
-762
-894
-1190
-1266
-570
-164
246
-113
-9
-4
-38
113
-57
-31
594
-19
138
-65
-40
-19
112
217
72
37
-35
-85
124
-196
-90
-237
226
18
-3
-18
43
114
96
15
-50
62
18
-35
-65
-73
-57
157
-5
349
-30
99
-449
-143
16
33
-276
58
-221
107
88
63
158
74
-423
3
198
104
336
30
-104
-79
-352
-192
343
-178
-101
-328
-338
95
331
-56
-176
-190
-142
192
-121
-23
26
-84
-5
105
47
-75
-196
-82
521
116
-268
252
143
61
72
87
184
-31
-253
193
-37
-76
-126
380
-11
149
-77
74
-69
312
209
-56
23
47
-107
44
69
57
134
204
-109
-185
-246
-167
-84
-323
280
-224
-348
322
-87
-131
-149
114
-92
131
-272
60
-24
19
-51
76
33
24
7
37
65
31
36
59
26
19
75
-3
37
29
36
40
4
43
46
26
-7
29
68
30
33
35
35
43
60
27
66
34
55
39
9
22
37
26
26
26
29
31
23
22
24
37
18
23
40
39
35
44
42
33
23
26
37
40
30
44
39
29
27
30
41
33
26
51
59
31
27
15
24
45
23
27
10
28
11
19
20
44
21
37
28
23
38
30
27
37
48
43
2
15
42
35
35
26
21
33
29
34
29
34
12
48
48
29
28
25
29
34
17
14
39
16
-2
-58
14
97
30
-6
-33
-61
20
-3
28
70
62
-16
-59
42
87
44
-17
-32
7
44
76
46
35
-3
31
38
43
38
17
16
34
30
-256
2
25
43
41
17
54
73
83
74
83
105
55
-11
39
38
41
25
44
40
22
38
18
38
36
30
44
28
24
10
37
26
24
36
26
32
34
25
21
21
36
28
21
17
34
23
37
28
25
27
29
39
29
17
28
27
37
26
27
25
20
24
32
29
36
28
32
18
36
34
24
30
32
29
44
37
25
32
23
27
26
29
29
25
25
29
18
24
26
22
20
30
34
31
25
23
30
24
43
28
28
20
30
20
28
34
31
21
23
17
22
19
35
26
23
30
29
20
23
35
33
32
34
19
29
31
27
31
37
27
35
28
27
26
34
44
29
24
25
39
16
28
26
31
24
23
29
35
32
31
33
32
22
21
22
29
23
26
36
22
36
27
34
30
27
22
36
35
17
22
38
26
23
17
19
25
32
27
25
43
16
28
32
26
20
26
23
26
24
27
35
25
44
30
26
35
34
34
25
42
17
21
41
28
28
23
20
35
20
18
27
35
20
31
32
33
32
30
28
31
29
28
22
38
29
30
28
29
33
29
23
22
27
37
25
31
26
28
21
29
32
34
25
23
32
23
23
20
24
20
40
35
34
26
25
31
25
27
22
27
31
26
26
17
27
33
18
31
21
29
23
18
32
38
32
36
29
30
27
25
26
23
19
32
26
14
12
24
19
15
28
31
33
30
15
17
23
23
28
20
37
21
33
31
30
22
21
36
31
38
25
32
39
33
24
34
30
32
