-105.000
-106.500
-108.000
-106.500
-108.000
-111.500
-115.000
-111.500
-108.000
-111.500
-108.000
-109.500
-108.000
-108.000
-110.000
-110.000
-110.000
-111.000
-111.000
-111.000
-111.000
-111.000
-111.000
-111.000
-111.000
-112.000
-112.000
-112.000
-113.000
-113.000
-112.000
-111.000
-111.000
-111.000
-111.000
-111.000
-112.000
-113.000
-113.000
-117.000
-117.000
-117.000
-117.000
-113.000
-113.000
-109.000
-113.000
-113.000
-123.000
-113.000
-113.000
-107.000
-102.000
-101.000
-95.000
-95.000
-95.000
-91.000
-91.000
-74.000
-74.000
-62.000
-33.000
-21.000
4.000
37.000
48.000
104.000
166.000
258.000
429.000
731.000
731.000
731.000
731.000
731.000
731.000
731.000
741.000
788.000
875.000
911.000
936.000
1019.000
1036.000
1044.000
1044.000
1044.000
1036.000
1019.000
936.000
911.000
908.000
883.000
875.000
800.000
717.000
717.000
717.000
717.000
717.000
717.000
717.000
650.000
650.000
650.000
598.000
598.000
598.000
598.000
598.000
593.000
593.000
593.000
593.000
592.000
567.000
567.000
563.000
563.000
563.000
563.000
563.000
592.000
593.000
598.000
598.000
600.000
600.000
600.000
600.000
600.000
593.000
563.000
531.000
443.000
436.000
436.000
436.000
436.000
436.000
404.000
334.000
334.000
334.000
435.000
334.000
313.000
312.000
298.000
261.000
223.000
219.000
212.000
147.000
126.000
31.000
2.000
2.000
2.000
-72.000
-87.000
-87.000
-127.000
-164.000
-179.000
-189.000
-192.000
-192.000
-192.000
-192.000
-192.000
-192.000
-192.000
-189.000
-178.000
-178.000
-178.000
-178.000
-178.000
-178.000
-178.000
-195.000
-195.000
-178.000
-167.000
-150.000
-150.000
-150.000
-150.000
-150.000
-150.000
-150.000
-167.000
-178.000
-233.000
-238.000
-243.000
-313.000
-313.000
-328.000
-351.000
-388.000
-389.000
-511.000
-511.000
-517.000
-561.000
-589.000
-600.000
-600.000
-600.000
-600.000
-600.000
-600.000
-600.000
-589.000
-561.000
-517.000
-460.000
-426.000
-418.000
-389.000
-380.000
-380.000
-400.000
-400.000
-400.000
-400.000
-400.000
-400.000
-400.000
-400.000
-400.000
-400.000
-418.000
-426.000
-426.000
-426.000
-426.000
-426.000
-400.000
-400.000
-462.000
-465.000
-484.000
-511.000
-586.000
-624.000
-627.000
-627.000
-627.000
-627.000
-586.000
-518.000
-511.000
-511.000
-462.000
-336.000
-307.000
-307.000
-307.000
-327.000
-336.000
-455.000
-479.000
-481.000
-481.000
-479.000
-455.000
-405.000
-327.000
-327.000
-327.000
-327.000
-327.000
-327.000
-327.000
-335.000
-405.000
-448.000
-455.000
-455.000
-455.000
-455.000
-455.000
-448.000
-422.000
-415.000
-405.000
-367.000
-335.000
-314.000
-290.000
-290.000
-290.000
-274.000
-152.000
-128.000
-90.000
67.000
67.000
67.000
79.000
79.000
100.000
129.000
511.000
528.000
546.000
546.000
593.000
595.000
719.000
719.000
719.000
595.000
593.000
528.000
511.000
447.000
197.000
79.000
67.000
33.000
-75.000
-75.000
-75.000
-75.000
-75.000
-75.000
-155.000
-155.000
-155.000
-155.000
-155.000
-155.000
-155.000
-155.000
-219.000
-219.000
-209.000
-155.000
-155.000
-155.000
-155.000
-155.000
-155.000
-130.000
-90.000
-90.000
-90.000
-90.000
-111.000
-130.000
-155.000
-209.000
-219.000
-298.000
-298.000
-298.000
-298.000
-298.000
-298.000
-305.000
-305.000
-305.000
-305.000
-298.000
-294.000
-174.000
-143.000
-122.000
-122.000
-122.000
-122.000
-102.000
-76.000
-76.000
-76.000
-30.000
-19.000
-16.000
13.000
59.000
74.000
74.000
74.000
74.000
74.000
74.000
74.000
74.000
59.000
59.000
59.000
58.000
58.000
57.000
53.000
53.000
53.000
57.000
57.000
57.000
53.000
49.000
47.000
43.000
25.000
11.000
9.000
0.000
-12.000
-136.000
-136.000
-136.000
-136.000
-147.000
-167.000
-183.000
-194.000
-204.000
-204.000
-360.000
-366.000
-368.000
-400.000
-404.000
-410.000
-425.000
-425.000
-425.000
-425.000
-425.000
-420.000
-420.000
-410.000
-410.000
-420.000
-425.000
-437.000
-439.000
-439.000
-439.000
-439.000
-439.000
-439.000
-437.000
-420.000
-406.000
-404.000
-393.000
-347.000
-344.000
-332.000
-327.000
-327.000
-327.000
-322.000
-322.000
-322.000
-322.000
-322.000
-322.000
-322.000
-312.000
-301.000
-299.000
-299.000
-301.000
-312.000
-312.000
-312.000
-322.000
-322.000
-322.000
-322.000
-312.000
-312.000
-270.000
-251.000
-251.000
-251.000
-251.000
-248.000
-187.000
-90.000
-90.000
-90.000
-90.000
-90.000
-248.000
-251.000
-267.000
-267.000
-267.000
-270.000
-352.000
-352.000
-352.000
-396.000
-398.000
-414.000
-440.000
-464.000
-465.000
-501.000
-507.000
-592.000
-670.000
-685.000
-685.000
-685.000
-685.000
-685.000
-685.000
-685.000
-685.000
-766.000
-801.000
-817.000
-957.000
-961.000
-1015.000
-1075.000
-1075.000
-1075.000
-1015.000
-1015.000
-961.000
-957.000
-801.000
-766.000
-651.000
-651.000
-651.000
-766.000
-850.000
-957.000
-957.000
-957.000
-957.000
-957.000
-957.000
-870.000
-850.000
-651.000
-610.000
-606.000
-519.000
-404.000
-404.000
-404.000
-404.000
-343.000
-336.000
-311.000
-227.000
111.000
295.000
316.000
489.000
567.000
744.000
844.000
1056.000
1056.000
993.000
979.000
993.000
1116.000
1241.000
1241.000
1241.000
1300.000
1359.000
1373.000
1396.000
1504.000
1515.000
1525.000
1545.000
1848.000
1903.000
2062.000
2084.000
2161.000
2161.000
2161.000
2161.000
2161.000
2161.000
2161.000
2161.000
2161.000
2161.000
2161.000
2161.000
2161.000
2010.000
1869.000
1865.000
1865.000
1865.000
1865.000
1862.000
1862.000
1862.000
1862.000
1862.000
1862.000
1862.000
1862.000
1865.000
1865.000
1865.000
1865.000
1865.000
1865.000
1865.000
1862.000
1862.000
1862.000
1862.000
1862.000
1862.000
1847.000
1847.000
1812.000
1675.000
1627.000
1601.000
1588.000
1431.000
1431.000
1431.000
1397.000
1324.000
1265.000
1249.000
1249.000
1249.000
1249.000
1232.000
1169.000
1051.000
997.000
960.000
944.000
788.000
505.000
494.000
453.000
433.000
430.000
417.000
188.000
-121.000
-121.000
-121.000
-121.000
-137.000
-188.000
-195.000
-209.000
-262.000
-262.000
-262.000
-262.000
-274.000
-280.000
-274.000
-274.000
-274.000
-274.000
-262.000
-262.000
-262.000
-262.000
-262.000
-262.000
-262.000
-262.000
-271.000
-274.000
-295.000
-381.000
-381.000
-381.000
-397.000
-474.000
-483.000
-504.000
-546.000
-774.000
-774.000
-835.000
-915.000
-947.000
-1026.000
-1038.000
-1107.000
-1141.000
-1188.000
-1195.000
-1234.000
-1243.000
-1267.000
-1277.000
-1390.000
-1408.000
-1552.000
-1602.000
-1668.000
-1681.000
-1799.000
-1805.000
-1999.000
-2004.000
-2090.000
-2102.000
-2121.000
-2121.000
-2121.000
-2121.000
-2121.000
-2121.000
-2121.000
-2121.000
-2121.000
-2121.000
-2121.000
-2137.000
-2145.000
-2137.000
-2121.000
-2084.000
-1975.000
-1975.000
-1975.000
-1975.000
-1975.000
-1975.000
-1975.000
-1975.000
-1975.000
-1975.000
-2051.000
-2084.000
-2084.000
-2084.000
-2084.000
-2084.000
-2084.000
-2084.000
-2084.000
-2084.000
-2051.000
-1975.000
-1971.000
-1915.000
-1901.000
-1810.000
-1784.000
-1738.000
-1584.000
-1558.000
-1486.000
-1323.000
-1260.000
-1215.000
-1195.000
-1172.000
-1172.000
-1172.000
-1172.000
-1154.000
-1150.000
-1120.000
-1083.000
-1004.000
-987.000
-933.000
-924.000
-874.000
-849.000
-840.000
-811.000
-686.000
-685.000
-671.000
-649.000
-601.000
-535.000
-498.000
-492.000
-474.000
-456.000
-432.000
-401.000
-375.000
-369.000
-337.000
-322.000
-266.000
-99.000
-90.000
78.000
769.000
1331.000
1349.000
1349.000
1349.000
1349.000
1349.000
1349.000
1349.000
1349.000
1349.000
1349.000
1349.000
1349.000
1331.000
1280.000
1274.000
1274.000
1274.000
1274.000
1274.000
1274.000
1274.000
1274.000
1176.000
1163.000
1151.000
1151.000
1151.000
1163.000
1176.000
1251.000
1274.000
1282.000
1361.000
1408.000
1413.000
1451.000
1467.000
1484.000
1683.000
2048.000
2290.000
2336.000
2342.000
2343.000
2343.000
2343.000
2343.000
2343.000
2343.000
2343.000
2343.000
2343.000
2343.000
2392.000
2392.000
2392.000
2454.000
2482.000
2482.000
2454.000
2400.000
2392.000
2185.000
2184.000
2172.000
2099.000
2050.000
1976.000
1976.000
1976.000
1976.000
2050.000
2065.000
2099.000
2164.000
2164.000
2164.000
2171.000
2171.000
2171.000
2171.000
2171.000
2164.000
2065.000
2065.000
2065.000
2065.000
2065.000
2065.000
2065.000
2065.000
2065.000
2065.000
2065.000
1945.000
1570.000
1506.000
1437.000
1264.000
1199.000
1101.000
1089.000
843.000
724.000
654.000
171.000
-219.000
-226.000
-280.000
-293.000
-293.000
-293.000
-341.000
-436.000
-460.000
-462.000
-464.000
-467.000
-490.000
-556.000
-575.000
-575.000
-588.000
-588.000
-588.000
-588.000
-575.000
-571.000
-564.000
-556.000
-515.000
-474.000
-515.000
-556.000
-564.000
-564.000
-564.000
-564.000
-564.000
-515.000
-474.000
-467.000
-407.000
-407.000
-398.000
-393.000
-371.000
-369.000
-60.000
33.000
33.000
33.000
33.000
33.000
33.000
33.000
84.000
96.000
98.000
140.000
140.000
140.000
123.000
98.000
96.000
96.000
84.000
84.000
84.000
84.000
84.000
84.000
84.000
96.000
96.000
115.000
117.000
123.000
128.000
148.000
171.000
171.000
208.000
213.000
239.000
239.000
239.000
239.000
239.000
240.000
257.000
278.000
284.000
284.000
284.000
278.000
257.000
239.000
237.000
237.000
237.000
208.000
138.000
110.000
38.000
34.000
-266.000
-460.000
-506.000
-648.000
-648.000
-648.000
-648.000
-648.000
-648.000
-648.000
-648.000
-648.000
-648.000
-648.000
-711.000
-733.000
-835.000
-840.000
-840.000
-840.000
-840.000
-840.000
-971.000
-1000.000
-1000.000
-1000.000
-1000.000
-1000.000
-1057.000
-1089.000
-1175.000
-1175.000
-1181.000
-1221.000
-1234.000
-1243.000
-1243.000
-1243.000
-1243.000
-1243.000
-1243.000
-1272.000
-1272.000
-1272.000
-1272.000
-1272.000
-1243.000
-1234.000
-1224.000
-1224.000
-1224.000
-1243.000
-1273.000
-1273.000
-1273.000
-1273.000
-1276.000
-1382.000
-1384.000
-1382.000
-1273.000
-1273.000
-1273.000
-1273.000
-1273.000
-1273.000
-1261.000
-1169.000
-1094.000
-927.000
-925.000
-909.000
-828.000
-739.000
-725.000
-501.000
-403.000
-403.000
-403.000
-403.000
-362.000
-362.000
-362.000
-362.000
-362.000
-362.000
-362.000
-466.000
-501.000
-502.000
-611.000
-665.000
-717.000
-725.000
-744.000
-744.000
-744.000
-749.000
-780.000
-797.000
-821.000
-841.000
-849.000
-854.000
-854.000
-854.000
-854.000
-854.000
-849.000
-849.000
-849.000
-849.000
-841.000
-821.000
-744.000
-665.000
-657.000
-657.000
-657.000
-657.000
-550.000
-525.000
-500.000
-487.000
-389.000
-331.000
-272.000
-254.000
-246.000
-246.000
-246.000
-246.000
-246.000
-246.000
-254.000
-272.000
-331.000
-389.000
-411.000
-411.000
-411.000
-411.000
-411.000
-411.000
-411.000
-411.000
-464.000
-466.000
-467.000
-479.000
-503.000
-544.000
-577.000
-586.000
-596.000
-615.000
-615.000
-586.000
-586.000
-586.000
-586.000
-586.000
-586.000
-524.000
-524.000
-524.000
-524.000
-524.000
-503.000
-316.000
-242.000
-178.000
-177.000
-177.000
-177.000
-175.000
-175.000
-175.000
-171.000
-169.000
-169.000
-168.000
-169.000
-169.000
-169.000
-169.000
-169.000
-169.000
-169.000
-169.000
-168.000
-169.000
-168.000
-158.000
-168.000
-168.000
-168.000
-168.000
-158.000
-158.000
-158.000
-150.000
-150.000
-158.000
-158.000
-178.000
-180.000
-178.000
-180.000
-180.000
-180.000
-178.000
-180.000
-185.000
-185.000
-185.000
-185.000
-192.000
-192.000
-192.000
-185.000
-185.000
-180.000
-180.000
-155.000
-89.000
-155.000
-155.000
-155.000
-155.000
-155.000
-138.000
-89.000
-89.000
-89.000
-125.000
-125.000
-89.000
-79.000
-70.000
-89.000
-89.000
-70.000
-89.000
-89.000
-101.000
-101.000
-101.000
-125.000
-125.000
-138.000
-125.000
-103.000
-101.000
-101.000
-70.000
-101.000
-103.000
-103.000
-103.000
-103.000
-103.000
-103.000
-117.000
-117.000
-117.000
-117.000
-118.000
-118.000
-117.000
-103.000
-103.000
-103.000
-100.000
-100.000
-100.000
-110.000
-110.000
-110.000
-110.000
-117.000
-110.000
-110.000
-100.000
-110.000
-110.000
-110.000
-117.000
-110.000
-117.000
-110.000
-110.000
-100.000
-110.000
-110.000
-110.000
-110.000
-110.000
-115.000
-115.000
-117.000
-115.000
-117.000
-117.000
-115.000
-115.000
-115.000
-115.000
-116.000
-115.000
-100.000
-115.000
-104.000
-115.000
-104.000
-115.000
-104.000
-104.000
-104.000
-115.000
-115.000
-110.000
-115.000
-110.000
-110.000
-104.000
-104.000
-104.000
-104.000
-104.000
-104.000
-110.000
-110.000
-104.000
-110.000
-112.000
-112.000
-112.000
-112.000
-114.000
-112.000
-114.000
-114.000
-112.000
-112.000
-114.000
-114.000
-114.000
-114.000
-114.000
-117.000
-117.000
-117.000
-121.000
-121.000
-121.000
-121.000
-121.000
-121.000
-124.000
-126.000
-126.000
-126.000
-126.000
-124.000
-124.000
-124.000
-124.000
-126.000
-126.000
-126.000
-126.000
-124.000
-124.000
-126.000
-126.000
-126.000
-123.000
-123.000
-126.000
-126.000
-126.000
-131.000
-131.000
-126.000
-131.000
-123.000
-124.000
-123.000
-124.000
-124.000
-121.000
-124.000
-118.000
-118.000
-118.000
-118.000
-118.000
-118.000
-117.000
-113.000
-113.000
-117.000
-114.000
-114.000
-113.000
-114.000
-114.000
-113.000
-114.000
-114.000
-114.000
-114.000
-114.000
-114.000
-115.000
-115.000
-115.000
-115.000
-114.000
-115.000
-115.000
-115.000
-116.000
-116.000
-116.000
-116.000
-116.000
-116.000
-116.000
-116.000
-116.000
-116.000
-116.000
-116.000
-116.000
-116.000
-116.000
-115.000
-115.000
-115.000
-115.000
-115.000
-115.000
-116.000
-116.000
-116.000
-116.000
-113.000
-112.000
-112.000
-112.000
-112.000
-112.000
-112.000
-112.000
-112.000
-112.000
-111.000
-111.000
-112.000
-112.000
-112.000
-113.000
-113.000
-115.000
-113.000
-113.000
-115.000
-113.000
-112.000
-112.500
-112.000
-112.500
-113.000
-114.000
-113.000
-114.000
-115.000
-114.000
-113.000
-114.000
-115.000
