-162.000
-143.000
-132.000
-136.000
-132.000
-133.500
-132.000
-128.000
-132.000
-128.000
-124.000
-126.500
-124.000
-124.000
-124.000
-124.000
-123.000
-123.000
-123.000
-123.000
-120.000
-120.000
-118.000
-120.000
-120.000
-120.000
-120.000
-118.000
-118.000
-120.000
-118.000
-120.000
-120.000
-118.000
-120.000
-119.000
-118.000
-118.000
-119.000
-118.000
-118.000
-118.000
-118.000
-119.000
-120.000
-120.000
-121.000
-121.000
-123.000
-123.000
-123.000
-123.000
-126.000
-127.000
-129.000
-129.000
-129.000
-131.000
-131.000
-133.000
-134.000
-135.000
-135.000
-135.000
-136.000
-148.000
-148.000
-150.000
-154.000
-156.000
-162.000
-162.000
-166.000
-167.000
-169.000
-171.000
-171.000
-171.000
-171.000
-173.000
-174.000
-187.000
-233.000
-275.000
-323.000
-413.000
-502.000
-582.000
-592.000
-598.000
-600.000
-600.000
-605.000
-605.000
-605.000
-605.000
-605.000
-605.000
-605.000
-605.000
-605.000
-605.000
-600.000
-600.000
-600.000
-594.000
-576.000
-559.000
-559.000
-553.000
-553.000
-552.000
-552.000
-552.000
-552.000
-549.000
-548.000
-546.000
-538.000
-538.000
-534.000
-534.000
-533.000
-530.000
-530.000
-528.000
-526.000
-528.000
-533.000
-533.000
-533.000
-533.000
-533.000
-533.000
-538.000
-545.000
-545.000
-545.000
-541.000
-538.000
-534.000
-541.000
-545.000
-555.000
-555.000
-561.000
-562.000
-569.000
-569.000
-572.000
-574.000
-579.000
-583.000
-587.000
-595.000
-599.000
-612.000
-624.000
-625.000
-658.000
-673.000
-673.000
-673.000
-673.000
-673.000
-673.000
-673.000
-673.000
-673.000
-673.000
-673.000
-673.000
-673.000
-660.000
-621.000
-592.000
-592.000
-587.000
-561.000
-561.000
-561.000
-560.000
-560.000
-554.000
-549.000
-549.000
-547.000
-547.000
-542.000
-541.000
-541.000
-541.000
-541.000
-541.000
-541.000
-541.000
-541.000
-541.000
-539.000
-537.000
-533.000
-532.000
-530.000
-519.000
-495.000
-482.000
-436.000
-420.000
-418.000
-416.000
-390.000
-386.000
-380.000
-370.000
-370.000
-370.000
-370.000
-369.000
-366.000
-365.000
-362.000
-362.000
-362.000
-362.000
-362.000
-362.000
-362.000
-366.000
-362.000
-362.000
-362.000
-357.000
-357.000
-354.000
-354.000
-345.000
-345.000
-341.000
-325.000
-321.000
-279.000
-227.000
-221.000
-219.000
-103.000
-48.000
-41.000
-8.000
-7.000
-7.000
-4.000
-2.000
24.000
26.000
40.000
50.000
56.000
71.000
113.000
119.000
119.000
119.000
119.000
119.000
125.000
126.000
129.000
131.000
134.000
142.000
147.000
147.000
147.000
147.000
147.000
147.000
147.000
153.000
162.000
184.000
201.000
201.000
208.000
208.000
212.000
218.000
218.000
218.000
218.000
218.000
218.000
218.000
218.000
220.000
221.000
224.000
224.000
227.000
231.000
231.000
232.000
235.000
236.000
241.000
244.000
256.000
271.000
274.000
277.000
285.000
292.000
293.000
302.000
304.000
304.000
305.000
307.000
311.000
316.000
322.000
330.000
350.000
350.000
350.000
350.000
350.000
350.000
350.000
350.000
360.000
364.000
375.000
383.000
387.000
394.000
398.000
398.000
401.000
401.000
401.000
401.000
401.000
403.000
405.000
429.000
443.000
443.000
446.000
449.000
452.000
453.000
455.000
458.000
459.000
461.000
461.000
461.000
461.000
459.000
459.000
458.000
453.000
453.000
452.000
452.000
446.000
443.000
440.000
428.000
380.000
378.000
376.000
371.000
366.000
365.000
361.000
353.000
345.000
335.000
335.000
335.000
335.000
335.000
345.000
345.000
347.000
347.000
345.000
345.000
332.000
327.000
325.000
320.000
315.000
301.000
301.000
289.000
284.000
284.000
284.000
278.000
242.000
226.000
211.000
211.000
204.000
185.000
178.000
175.000
174.000
162.000
158.000
154.000
153.000
84.000
65.000
20.000
-28.000
-56.000
-59.000
-64.000
-70.000
-75.000
-78.000
-83.000
-95.000
-102.000
-102.000
-102.000
-102.000
-102.000
-102.000
-105.000
-110.000
-111.000
-111.000
-111.000
-115.000
-115.000
-115.000
-116.000
-116.000
-115.000
-114.000
-114.000
-114.000
-114.000
-112.000
-111.000
-112.000
-113.000
-113.000
-112.000
-112.000
-112.000
-112.000
-113.000
-113.000
-113.000
-113.000
-113.000
-112.000
-111.000
-111.000
-111.000
-110.000
-110.000
-110.000
-111.000
-111.000
-110.000
-110.000
-110.000
-110.000
-110.000
-110.000
-110.000
-110.000
-110.000
-113.000
-110.000
-110.000
-110.000
-110.000
-110.000
-111.000
-111.000
-111.000
-111.000
-111.000
-113.000
-114.000
-115.000
-114.000
-113.000
-114.000
-114.000
-114.000
-114.000
-114.000
-114.000
-114.000
-114.000
-114.000
-115.000
-117.000
-115.000
-114.000
-114.000
-115.000
-114.000
-114.000
-115.000
-115.000
-115.000
-115.000
-115.000
-115.000
-115.000
-115.000
-115.000
-115.000
-115.000
-115.000
-116.000
-117.000
-117.000
-116.000
-116.000
-115.000
-115.000
-116.000
-116.000
-117.000
-117.000
-117.000
-117.000
-117.000
-117.000
-117.000
-117.000
-115.000
-115.000
-114.000
-114.000
-114.000
-113.000
-114.000
-117.000
-117.000
-117.000
-114.000
-117.000
-115.000
-117.000
-117.000
-118.000
-119.000
-119.000
-119.000
-120.000
-120.000
-122.000
-122.000
-124.000
-124.000
-124.000
-126.000
-129.000
-132.000
-150.000
-165.000
-174.000
-179.000
-183.000
-186.000
-189.000
-207.000
-221.000
-221.000
-251.000
-263.000
-270.000
-308.000
-402.000
-535.000
-640.000
-705.000
-707.000
-720.000
-721.000
-728.000
-728.000
-736.000
-750.000
-758.000
-776.000
-784.000
-791.000
-792.000
-796.000
-796.000
-805.000
-813.000
-817.000
-818.000
-832.000
-832.000
-832.000
-832.000
-832.000
-818.000
-817.000
-813.000
-806.000
-796.000
-796.000
-791.000
-791.000
-791.000
-790.000
-785.000
-784.000
-774.000
-759.000
-718.000
-690.000
-670.000
-661.000
-660.000
-660.000
-660.000
-660.000
-660.000
-660.000
-660.000
-659.000
-657.000
-657.000
-656.000
-656.000
-656.000
-652.000
-652.000
-645.000
-644.000
-644.000
-644.000
-644.000
-644.000
-644.000
-638.000
-634.000
-633.000
-633.000
-633.000
-633.000
-633.000
-633.000
-633.000
-633.000
-630.000
-616.000
-616.000
-596.000
-590.000
-576.000
-570.000
-565.000
-565.000
-565.000
-565.000
-565.000
-565.000
-565.000
-565.000
-559.000
-555.000
-555.000
-523.000
-522.000
-516.000
-510.000
-508.000
-501.000
-490.000
-478.000
-470.000
-456.000
-456.000
-455.000
-448.000
-448.000
-446.000
-433.000
-431.000
-426.000
-425.000
-407.000
-404.000
-402.000
-400.000
-399.000
-368.000
-366.000
-357.000
-354.000
-342.000
-332.000
-311.000
-267.000
-222.000
-218.000
-208.000
-172.000
-168.000
-167.000
-97.000
-91.000
-78.000
-3.000
-1.000
32.000
47.000
73.000
86.000
104.000
105.000
189.000
214.000
227.000
233.000
240.000
243.000
257.000
261.000
263.000
263.000
266.000
282.000
284.000
299.000
311.000
351.000
373.000
378.000
393.000
396.000
414.000
422.000
431.000
432.000
446.000
450.000
463.000
470.000
490.000
494.000
503.000
524.000
526.000
526.000
530.000
532.000
543.000
544.000
544.000
546.000
546.000
547.000
547.000
547.000
547.000
547.000
547.000
547.000
548.000
559.000
563.000
563.000
563.000
563.000
569.000
573.000
580.000
580.000
580.000
582.000
583.000
583.000
583.000
583.000
583.000
583.000
583.000
583.000
583.000
583.000
583.000
583.000
583.000
553.000
543.000
535.000
529.000
526.000
526.000
525.000
515.000
512.000
511.000
507.000
505.000
501.000
499.000
492.000
463.000
421.000
410.000
372.000
347.000
337.000
326.000
300.000
294.000
289.000
285.000
285.000
276.000
272.000
271.000
255.000
252.000
229.000
227.000
226.000
223.000
220.000
213.000
211.000
210.000
198.000
194.000
191.000
186.000
186.000
165.000
85.000
62.000
3.000
-23.000
-58.000
-61.000
-72.000
-83.000
-94.000
-96.000
-97.000
-99.000
-121.000
-123.000
-123.000
-121.000
-123.000
-125.000
-125.000
-125.000
-128.000
-136.000
-128.000
-128.000
-128.000
-128.000
-128.000
-128.000
-125.000
-123.000
-121.000
-121.000
-111.000
-105.000
-105.000
-105.000
-105.000
-105.000
-104.000
-105.000
-104.000
-104.000
-102.000
-102.000
-102.000
-102.000
-102.000
-102.000
-102.000
-104.000
-102.000
-104.000
-107.000
-107.000
-108.000
-110.000
-110.000
-110.000
-111.000
-112.000
-112.000
-112.000
-112.000
-112.000
-111.000
-111.000
-112.000
-112.000
-112.000
-114.000
-115.000
-115.000
-113.000
-113.000
-115.000
-115.000
-115.000
-113.000
-112.000
-110.000
-110.000
-110.000
-111.000
-110.000
-110.000
-109.000
-109.000
-110.000
-111.000
-111.000
-112.000
-112.000
-111.000
-111.000
-111.000
-111.000
-111.000
-111.000
-111.000
-111.000
-111.000
-111.000
-112.000
-112.000
-113.000
-114.000
-114.000
-114.000
-114.000
-114.000
-114.000
-115.000
-116.000
-115.000
-116.000
-116.000
-115.000
-115.000
-116.000
-116.000
-117.000
-117.000
-117.000
-117.000
-117.000
-117.000
-117.000
-117.000
-117.000
-117.000
-117.000
-117.000
-117.000
-117.000
-115.000
-117.000
-115.000
-115.000
-117.000
-117.000
-117.000
-117.000
-117.000
-115.000
-115.000
-115.000
-115.000
-115.000
-115.000
-114.000
-114.000
-114.000
-114.000
-114.000
-115.000
-115.000
-114.000
-114.000
-113.000
-115.000
-113.000
-113.000
-113.000
-113.000
-113.000
-113.000
-113.000
-114.000
-115.000
-116.000
-115.000
-114.000
-116.000
-116.000
-117.000
-116.000
-115.000
-114.000
-114.000
-114.000
-115.000
-116.000
-115.000
-115.000
-115.000
-116.000
-116.000
-116.000
-116.000
-115.000
-115.000
-115.000
-116.000
-115.000
-115.000
-116.000
-117.000
-116.000
-117.000
-116.000
-116.000
-116.000
-116.000
-116.000
-116.000
-116.000
-116.000
-116.000
-116.000
-115.000
-115.000
-115.000
-114.000
-115.000
-115.000
-115.000
-115.000
-115.000
-115.000
-115.000
-115.000
-115.000
-115.000
-115.000
-115.000
-115.000
-115.000
-115.000
-115.000
-115.000
-115.000
-115.000
-115.000
-115.000
-116.000
-116.000
-115.000
-115.000
-115.000
-115.000
-115.000
-115.000
-115.000
-115.000
-115.000
-115.000
-115.000
-115.000
-115.000
-115.000
-115.000
-115.000
-115.000
-115.000
-115.000
-115.000
-115.000
-115.000
-115.000
-115.000
-115.000
-115.000
-116.000
-116.000
-116.000
-116.000
-114.000
-116.000
-116.000
-116.000
-116.000
-117.000
-117.000
-116.000
-114.000
-114.000
-114.000
-116.000
-116.000
-114.000
-116.000
-117.000
-114.000
-114.000
-117.000
-117.000
-118.000
-118.000
-126.000
-126.000
-126.000
-128.000
-128.000
-126.000
-126.000
-118.000
-118.000
-120.000
-120.000
-120.000
-120.000
-120.000
-117.000
-117.000
-117.000
-114.000
-114.000
-114.000
-114.000
-114.000
-114.000
-112.000
-112.000
-112.000
-112.000
-105.000
-105.000
-105.000
-101.000
-101.000
-101.000
-101.000
-101.000
-105.000
-105.000
-105.000
-105.000
-112.000
-112.000
-112.000
-112.000
-112.000
-112.000
-112.000
-113.000
-113.000
-113.000
-113.000
-113.000
-114.000
-114.000
-113.000
-113.000
-113.000
-113.000
-114.000
-114.000
-115.000
-114.000
-114.000
-114.000
-114.000
-115.000
-114.000
-114.000
-114.000
-114.000
-114.000
-114.000
-114.000
-115.000
-115.000
-116.000
-115.000
-115.000
-116.000
-117.000
-117.000
-117.000
-117.000
-116.000
-116.000
-116.000
-116.000
-116.000
-114.000
-112.000
-111.000
-111.000
-110.000
-111.000
-112.000
-112.000
-114.000
-112.000
-112.000
-114.000
-114.000
-114.000
-114.000
-112.000
-110.000
-112.000
-112.000
-112.000
-114.000
-114.000
-114.000
-114.000
-114.000
-115.000
-116.000
-116.000
-116.000
-116.000
-116.000
-115.000
-115.000
-115.000
-115.000
-115.000
-116.000
-115.000
-115.000
-115.000
-115.000
-116.000
-116.000
-117.000
-116.000
-116.000
-116.000
-116.000
-116.000
-116.000
-117.000
-116.000
-116.000
-116.000
-117.000
-116.000
-116.000
-117.000
-116.000
-117.000
-117.000
-117.000
-117.000
-118.000
-118.000
-118.000
-118.000
-118.000
-118.000
-118.000
-118.000
-118.000
-118.000
-118.000
-118.000
-117.000
-117.000
-118.000
-118.000
-118.000
-118.000
-118.000
-118.000
-118.000
-118.000
-117.000
-117.000
-117.000
-117.000
-117.000
-117.000
-117.000
-117.000
-117.000
-117.000
-116.000
-116.000
-116.000
-116.000
-116.000
-116.000
-116.000
-116.000
-116.000
-116.000
-116.000
-116.000
-116.000
-116.000
-116.000
-116.000
-116.000
-116.000
-116.000
-116.000
-116.000
-114.000
-113.000
-113.000
-113.000
-114.000
-114.000
-116.000
-116.000
-116.000
-116.000
-116.000
-114.000
-113.000
-116.000
-113.000
-116.000
-116.000
-116.000
-116.000
-116.000
-116.000
-116.000
-116.000
-116.000
-116.000
-116.000
-116.000
-116.000
-116.000
-116.000
-116.000
-116.000
-116.000
-116.000
-116.000
-117.000
-117.000
-117.000
-117.000
-118.000
-117.000
-117.000
-114.000
-114.000
-117.000
-114.000
-114.000
-116.000
-116.000
-114.000
-113.000
-114.000
-114.000
-114.000
-116.000
-116.000
-116.000
-116.000
-116.000
-114.000
-114.000
-114.000
-115.000
-115.000
-115.000
-115.000
-115.000
-115.000
-115.000
-114.000
-115.000
-116.000
-115.000
-115.000
-115.000
-116.000
-116.000
-115.000
-116.000
-115.000
-115.000
-115.000
-115.000
-112.000
-112.000
-112.000
-113.000
-113.000
-113.000
-113.000
-113.000
-113.000
-113.000
-116.000
-116.000
-116.000
-116.000
-116.000
-116.000
-116.000
-116.000
-116.000
-116.000
-116.000
-116.000
-116.000
-116.000
-116.000
-116.000
-116.000
-116.000
-116.000
-116.000
-117.000
-117.000
-117.000
-117.000
-116.000
-116.000
-116.000
-116.000
-116.000
-116.000
-117.000
-116.000
-116.000
-116.000
-114.000
-116.000
-116.000
-116.000
-116.000
-116.000
-116.000
-116.000
-116.000
-116.000
-115.000
-115.000
-115.000
-114.000
-115.000
-115.000
-115.000
-115.000
-114.000
-115.000
-115.000
-115.000
-115.000
-115.000
-115.000
-116.000
-115.000
-115.000
-115.000
-115.000
-115.000
-115.000
-115.000
-115.000
-115.000
