31.000
32.500
31.000
32.000
33.000
32.000
33.000
32.000
31.000
31.000
31.000
31.000
31.000
31.000
31.000
30.000
30.000
31.000
30.000
29.000
29.000
29.000
29.000
29.000
29.000
28.000
27.000
27.000
27.000
25.000
25.000
25.000
25.000
25.000
25.000
25.000
27.000
27.000
27.000
27.000
27.000
25.000
25.000
25.000
25.000
25.000
25.000
26.000
26.000
26.000
27.000
27.000
28.000
29.000
29.000
28.000
27.000
26.000
26.000
26.000
25.000
22.000
22.000
18.000
5.000
5.000
5.000
5.000
-2.000
-12.000
-12.000
-14.000
-17.000
-18.000
-19.000
-25.000
-27.000
-39.000
-65.000
-71.000
-71.000
-108.000
-108.000
-108.000
-108.000
-108.000
-108.000
-108.000
-129.000
-147.000
-147.000
-147.000
-147.000
-147.000
-129.000
-129.000
-108.000
-105.000
-87.000
-87.000
-85.000
-85.000
-85.000
-85.000
-85.000
-85.000
-85.000
-87.000
-87.000
-105.000
-129.000
-131.000
-146.000
-147.000
-152.000
-168.000
-173.000
-261.000
-262.000
-262.000
-262.000
-262.000
-262.000
-262.000
-262.000
-262.000
-262.000
-262.000
-262.000
-262.000
-261.000
-238.000
-219.000
-217.000
-185.000
-158.000
-106.000
-92.000
-89.000
-30.000
-8.000
-2.000
22.000
47.000
66.000
87.000
90.000
96.000
98.000
98.000
98.000
111.000
118.000
152.000
174.000
174.000
184.000
204.000
300.000
347.000
372.000
372.000
372.000
372.000
372.000
372.000
372.000
372.000
372.000
386.000
393.000
393.000
395.000
440.000
444.000
444.000
444.000
440.000
393.000
382.000
327.000
327.000
327.000
327.000
327.000
327.000
364.000
382.000
392.000
392.000
392.000
392.000
392.000
392.000
382.000
364.000
326.000
326.000
326.000
326.000
326.000
364.000
392.000
500.000
501.000
536.000
537.000
536.000
509.000
509.000
509.000
509.000
509.000
512.000
537.000
539.000
549.000
551.000
558.000
595.000
595.000
595.000
595.000
558.000
551.000
549.000
539.000
539.000
539.000
536.000
512.000
509.000
481.000
431.000
425.000
420.000
410.000
395.000
374.000
374.000
358.000
358.000
354.000
340.000
330.000
330.000
330.000
330.000
330.000
330.000
340.000
340.000
340.000
340.000
326.000
326.000
326.000
326.000
326.000
326.000
326.000
326.000
326.000
326.000
326.000
325.000
325.000
325.000
326.000
345.000
326.000
325.000
325.000
325.000
325.000
325.000
325.000
325.000
314.000
313.000
313.000
313.000
313.000
313.000
313.000
313.000
314.000
327.000
331.000
351.000
351.000
331.000
327.000
318.000
314.000
314.000
310.000
296.000
295.000
266.000
229.000
201.000
201.000
201.000
185.000
184.000
146.000
130.000
120.000
105.000
83.000
-64.000
-67.000
-146.000
-146.000
-146.000
-146.000
-179.000
-211.000
-223.000
-223.000
-223.000
-223.000
-223.000
-223.000
-275.000
-275.000
-275.000
-275.000
-275.000
-223.000
-223.000
-179.000
-179.000
-179.000
-223.000
-275.000
-405.000
-465.000
-465.000
-465.000
-465.000
-405.000
-327.000
-275.000
-170.000
-101.000
19.000
61.000
66.000
86.000
165.000
186.000
165.000
111.000
86.000
111.000
165.000
179.000
179.000
179.000
179.000
179.000
179.000
179.000
179.000
179.000
179.000
179.000
179.000
165.000
159.000
140.000
118.000
111.000
103.000
89.000
79.000
79.000
89.000
103.000
89.000
79.000
49.000
43.000
43.000
49.000
79.000
89.000
103.000
118.000
118.000
118.000
118.000
118.000
118.000
121.000
167.000
167.000
167.000
167.000
167.000
167.000
167.000
167.000
167.000
167.000
167.000
167.000
167.000
167.000
158.000
156.000
135.000
125.000
83.000
63.000
28.000
-4.000
-47.000
-91.000
-93.000
-103.000
-118.000
-131.000
-131.000
-118.000
-131.000
-132.000
-161.000
-161.000
-161.000
-161.000
-161.000
-161.000
-161.000
-161.000
-160.000
-132.000
-132.000
-127.000
-118.000
-115.000
-103.000
-103.000
-96.000
-101.000
-101.000
-101.000
-101.000
-101.000
-96.000
-81.000
-81.000
-81.000
-81.000
-81.000
-81.000
-96.000
-101.000
-101.000
-101.000
-101.000
-101.000
-101.000
-101.000
-101.000
-101.000
-101.000
-96.000
-81.000
-72.000
-72.000
-72.000
-72.000
-66.000
-66.000
-66.000
-39.000
34.000
51.000
58.000
58.000
63.000
75.000
79.000
79.000
79.000
76.000
75.000
63.000
58.000
58.000
43.000
-2.000
-39.000
-39.000
-39.000
-39.000
-39.000
-47.000
-47.000
-47.000
-64.000
-77.000
-80.000
-105.000
-113.000
-192.000
-192.000
-192.000
-192.000
-192.000
-192.000
-192.000
-192.000
-192.000
-192.000
-216.000
-298.000
-312.000
-338.000
-312.000
-298.000
-233.000
-233.000
-223.000
-216.000
-175.000
-158.000
-74.000
-62.000
-61.000
52.000
107.000
130.000
260.000
261.000
269.000
327.000
327.000
327.000
338.000
340.000
340.000
340.000
340.000
340.000
340.000
340.000
340.000
340.000
338.000
327.000
327.000
330.000
330.000
261.000
261.000
260.000
175.000
167.000
134.000
66.000
49.000
37.000
-76.000
-80.000
-91.000
-104.000
-91.000
-90.000
-80.000
-80.000
-80.000
-80.000
-80.000
-80.000
-80.000
-80.000
-80.000
-80.000
-80.000
-22.000
82.000
128.000
185.000
239.000
387.000
519.000
683.000
783.000
787.000
815.000
1019.000
1209.000
1387.000
1552.000
1606.000
1606.000
1606.000
1606.000
1688.000
1731.000
1756.000
1770.000
1789.000
1891.000
1893.000
1916.000
1922.000
1926.000
1926.000
1926.000
1926.000
1936.000
1943.000
1943.000
2100.000
2383.000
2383.000
2383.000
2383.000
2383.000
2383.000
2383.000
2383.000
2383.000
2383.000
2383.000
2383.000
2383.000
2064.000
1774.000
1685.000
1653.000
1633.000
1622.000
1622.000
1622.000
1622.000
1622.000
1622.000
1622.000
1622.000
1622.000
1622.000
1622.000
1622.000
1633.000
1664.000
1834.000
1849.000
1857.000
1901.000
1953.000
1953.000
1953.000
1953.000
1953.000
1953.000
1953.000
1953.000
1953.000
1953.000
1953.000
1953.000
1953.000
1922.000
1753.000
1660.000
1644.000
1580.000
1442.000
1344.000
1263.000
1145.000
1028.000
979.000
923.000
799.000
716.000
631.000
621.000
605.000
605.000
605.000
605.000
605.000
599.000
596.000
592.000
580.000
518.000
516.000
503.000
492.000
491.000
405.000
405.000
405.000
405.000
405.000
405.000
273.000
138.000
-19.000
-163.000
-229.000
-328.000
-524.000
-717.000
-784.000
-784.000
-784.000
-784.000
-784.000
-784.000
-784.000
-784.000
-784.000
-784.000
-784.000
-784.000
-784.000
-727.000
-699.000
-677.000
-677.000
-677.000
-677.000
-677.000
-677.000
-677.000
-677.000
-677.000
-653.000
-653.000
-653.000
-655.000
-677.000
-693.000
-699.000
-729.000
-737.000
-773.000
-821.000
-831.000
-835.000
-839.000
-843.000
-856.000
-876.000
-897.000
-1097.000
-1335.000
-1550.000
-1674.000
-1772.000
-1894.000
-1987.000
-1987.000
-1987.000
-1987.000
-2122.000
-2129.000
-2151.000
-2230.000
-2248.000
-2273.000
-2302.000
-2304.000
-2304.000
-2311.000
-2325.000
-2339.000
-2371.000
-2404.000
-2413.000
-2429.000
-2442.000
-2450.000
-2524.000
-2601.000
-2614.000
-2641.000
-2675.000
-2682.000
-2820.000
-3078.000
-3118.000
-3173.000
-3188.000
-3245.000
-3350.000
-3640.000
-3862.000
-3961.000
-4006.000
-4007.000
-4013.000
-4022.000
-4036.000
-4036.000
-4036.000
-4036.000
-4036.000
-4036.000
-4036.000
-4036.000
-4022.000
-4013.000
-4007.000
-4006.000
-3961.000
-3897.000
-3820.000
-3789.000
-3638.000
-3397.000
-3136.000
-2893.000
-2700.000
-2504.000
-2271.000
-2125.000
-1997.000
-1836.000
-1673.000
-1668.000
-1656.000
-1606.000
-1553.000
-1512.000
-1483.000
-1432.000
-1388.000
-1356.000
-1356.000
-1356.000
-1356.000
-1356.000
-1356.000
-1356.000
-1379.000
-1384.000
-1388.000
-1388.000
-1384.000
-1379.000
-1355.000
-1346.000
-1343.000
-1321.000
-1321.000
-1321.000
-1321.000
-1237.000
-1199.000
-1199.000
-1199.000
-1192.000
-1079.000
-1056.000
-1039.000
-1001.000
-994.000
-836.000
-585.000
-391.000
-260.000
-139.000
-69.000
-59.000
32.000
152.000
233.000
331.000
522.000
639.000
776.000
959.000
1142.000
1210.000
1228.000
1327.000
1495.000
1650.000
1691.000
1729.000
1761.000
1764.000
1947.000
2043.000
2049.000
2126.000
2325.000
2605.000
2747.000
2750.000
2801.000
2805.000
2805.000
2832.000
2832.000
2832.000
2832.000
2837.000
2837.000
2837.000
2837.000
2837.000
2834.000
2834.000
2834.000
2824.000
2805.000
2805.000
2805.000
2824.000
2824.000
2824.000
2798.000
2776.000
2766.000
2715.000
2709.000
2689.000
2685.000
2657.000
2553.000
2494.000
2478.000
2444.000
2440.000
2420.000
2399.000
2274.000
2127.000
2102.000
2015.000
1998.000
1969.000
1940.000
1896.000
1873.000
1854.000
1852.000
1832.000
1805.000
1800.000
1728.000
1722.000
1722.000
1728.000
1728.000
1728.000
1728.000
1728.000
1728.000
1722.000
1711.000
1683.000
1678.000
1678.000
1678.000
1683.000
1686.000
1711.000
1709.000
1709.000
1709.000
1709.000
1709.000
1709.000
1709.000
1709.000
1709.000
1704.000
1704.000
1686.000
1680.000
1669.000
1653.000
1611.000
1587.000
1574.000
1476.000
1363.000
1183.000
1090.000
1007.000
916.000
753.000
574.000
517.000
440.000
328.000
264.000
207.000
67.000
-135.000
-374.000
-649.000
-758.000
-879.000
-1176.000
-1632.000
-2015.000
-2323.000
-2677.000
-2981.000
-3160.000
-3285.000
-3430.000
-3630.000
-3743.000
-3743.000
-3743.000
-3743.000
-3743.000
-3743.000
-3743.000
-3743.000
-3743.000
-3743.000
-3743.000
-3743.000
-3743.000
-3719.000
-3576.000
-3567.000
-3563.000
-3515.000
-3335.000
-3131.000
-2961.000
-2756.000
-2649.000
-2504.000
-2301.000
-2119.000
-1956.000
-1929.000
-1862.000
-1860.000
-1847.000
-1802.000
-1802.000
-1711.000
-1711.000
-1711.000
-1711.000
-1711.000
-1682.000
-1672.000
-1658.000
-1642.000
-1642.000
-1622.000
-1612.000
-1568.000
-1555.000
-1555.000
-1555.000
-1555.000
-1555.000
-1527.000
-1520.000
-1505.000
-1498.000
-1363.000
-1221.000
-1069.000
-843.000
-744.000
-736.000
-634.000
-506.000
-378.000
-257.000
-114.000
-28.000
165.000
252.000
274.000
352.000
423.000
448.000
510.000
559.000
621.000
629.000
640.000
717.000
746.000
810.000
943.000
1069.000
1219.000
1290.000
1292.000
1292.000
1292.000
1292.000
1292.000
1292.000
1292.000
1292.000
1292.000
1292.000
1292.000
1292.000
1290.000
1271.000
1176.000
1090.000
942.000
680.000
647.000
628.000
606.000
605.000
276.000
276.000
259.000
216.000
193.000
189.000
185.000
159.000
113.000
113.000
93.000
74.000
41.000
25.000
25.000
41.000
74.000
41.000
41.000
41.000
25.000
25.000
41.000
56.000
41.000
25.000
25.000
23.000
23.000
25.000
38.000
38.000
41.000
41.000
38.000
38.000
38.000
40.000
56.000
56.000
56.000
56.000
58.000
56.000
56.000
61.000
61.000
62.000
61.000
62.000
62.000
61.000
61.000
61.000
49.000
40.000
44.000
40.000
40.000
44.000
40.000
40.000
44.000
38.000
38.000
38.000
38.000
38.000
38.000
38.000
38.000
38.000
37.000
37.000
37.000
37.000
38.000
38.000
38.000
44.000
44.000
44.000
48.000
48.000
48.000
48.000
48.000
32.000
32.000
48.000
32.000
31.000
32.000
32.000
31.000
28.000
22.000
27.000
27.000
27.000
27.000
22.000
21.000
21.000
21.000
22.000
21.000
21.000
21.000
22.000
27.000
28.000
32.000
32.000
32.000
32.000
32.000
32.000
32.000
36.000
37.000
39.000
39.000
39.000
39.000
39.000
41.000
41.000
39.000
39.000
37.000
37.000
37.000
37.000
37.000
36.000
30.000
24.000
24.000
30.000
36.000
30.000
30.000
30.000
30.000
24.000
24.000
24.000
27.000
27.000
12.000
12.000
26.000
26.000
26.000
26.000
26.000
27.000
26.000
26.000
26.000
27.000
32.000
31.000
27.000
26.000
27.000
27.000
30.000
30.000
31.000
31.000
31.000
31.000
31.000
31.000
31.000
31.000
31.000
31.000
31.000
31.000
30.000
31.000
30.000
31.000
31.000
31.000
35.000
35.000
35.000
35.000
35.000
35.000
32.000
32.000
32.000
31.000
31.000
32.000
35.000
35.000
35.000
35.000
35.000
35.000
40.000
40.000
35.000
40.000
35.000
35.000
35.000
32.000
32.000
32.000
32.000
32.000
32.000
34.000
34.000
34.000
35.000
35.000
34.000
34.000
33.000
32.000
32.000
33.000
33.000
33.000
34.000
34.000
34.000
34.000
34.000
34.000
34.000
34.000
34.000
34.000
34.000
34.000
34.000
34.000
33.000
33.000
33.000
34.000
34.000
34.000
35.000
35.000
34.000
34.000
34.000
33.000
33.000
33.000
33.000
33.000
33.000
33.000
34.000
34.000
34.000
34.000
34.000
34.000
34.000
35.000
35.000
34.000
34.000
34.000
34.000
34.000
35.000
35.000
36.000
36.000
36.000
36.000
36.000
36.000
36.000
37.000
37.000
37.000
36.000
36.000
35.000
35.000
35.000
35.000
35.000
35.000
35.000
35.000
35.000
35.000
35.000
35.000
35.000
35.000
35.000
35.000
35.000
35.000
35.000
35.000
35.000
35.000
35.000
35.000
35.000
36.000
36.000
36.000
36.000
36.000
36.000
36.000
36.000
36.000
36.000
35.000
33.000
33.000
33.000
32.000
32.000
31.000
31.000
30.000
29.000
31.000
31.000
31.000
31.000
31.000
31.000
32.000
32.000
33.000
33.000
32.000
33.000
33.000
33.000
33.000
33.000
33.000
33.000
33.000
33.000
33.000
33.000
33.000
34.000
34.000
34.000
34.000
34.000
34.500
34.000
34.500
35.000
34.500
35.000
34.000
35.000
34.000
33.000
34.000
35.000
