-100.000
-105.000
-110.000
-112.000
-111.000
-112.500
-111.000
-112.500
-114.000
-114.500
-114.000
-114.500
-115.000
-116.000
-119.000
-119.000
-119.000
-119.000
-120.000
-120.000
-120.000
-120.000
-120.000
-120.000
-120.000
-120.000
-120.000
-120.000
-120.000
-121.000
-121.000
-123.000
-123.000
-123.000
-123.000
-123.000
-124.000
-126.000
-132.000
-133.000
-135.000
-140.000
-142.000
-154.000
-169.000
-169.000
-177.000
-178.000
-180.000
-180.000
-182.000
-184.000
-185.000
-193.000
-206.000
-206.000
-206.000
-206.000
-215.000
-272.000
-324.000
-395.000
-491.000
-515.000
-570.000
-646.000
-665.000
-670.000
-670.000
-679.000
-683.000
-685.000
-688.000
-696.000
-713.000
-714.000
-714.000
-714.000
-714.000
-713.000
-702.000
-702.000
-696.000
-688.000
-685.000
-683.000
-682.000
-670.000
-670.000
-646.000
-632.000
-589.000
-571.000
-532.000
-497.000
-497.000
-497.000
-497.000
-497.000
-497.000
-497.000
-497.000
-497.000
-497.000
-493.000
-493.000
-485.000
-481.000
-481.000
-481.000
-481.000
-481.000
-481.000
-481.000
-481.000
-481.000
-481.000
-481.000
-481.000
-472.000
-466.000
-443.000
-439.000
-413.000
-413.000
-413.000
-413.000
-413.000
-413.000
-413.000
-413.000
-413.000
-413.000
-413.000
-413.000
-413.000
-425.000
-440.000
-443.000
-462.000
-462.000
-462.000
-462.000
-462.000
-462.000
-462.000
-462.000
-462.000
-462.000
-462.000
-462.000
-462.000
-458.000
-450.000
-434.000
-422.000
-420.000
-420.000
-417.000
-417.000
-417.000
-416.000
-412.000
-408.000
-407.000
-406.000
-406.000
-406.000
-405.000
-405.000
-405.000
-405.000
-405.000
-405.000
-405.000
-405.000
-398.000
-398.000
-395.000
-393.000
-393.000
-391.000
-391.000
-391.000
-391.000
-391.000
-391.000
-391.000
-391.000
-391.000
-391.000
-391.000
-391.000
-391.000
-393.000
-393.000
-418.000
-418.000
-429.000
-432.000
-432.000
-432.000
-432.000
-432.000
-432.000
-432.000
-432.000
-432.000
-432.000
-432.000
-429.000
-429.000
-429.000
-416.000
-410.000
-405.000
-405.000
-405.000
-405.000
-405.000
-405.000
-405.000
-405.000
-405.000
-405.000
-405.000
-405.000
-405.000
-424.000
-438.000
-445.000
-456.000
-457.000
-465.000
-465.000
-467.000
-468.000
-468.000
-469.000
-469.000
-469.000
-469.000
-469.000
-469.000
-469.000
-468.000
-467.000
-465.000
-462.000
-461.000
-457.000
-456.000
-456.000
-455.000
-450.000
-441.000
-397.000
-387.000
-387.000
-387.000
-387.000
-387.000
-387.000
-387.000
-387.000
-387.000
-387.000
-387.000
-387.000
-391.000
-387.000
-391.000
-392.000
-396.000
-396.000
-396.000
-396.000
-396.000
-396.000
-396.000
-396.000
-396.000
-402.000
-409.000
-409.000
-409.000
-409.000
-409.000
-409.000
-402.000
-402.000
-402.000
-399.000
-399.000
-399.000
-399.000
-392.000
-389.000
-386.000
-380.000
-380.000
-380.000
-380.000
-380.000
-380.000
-380.000
-380.000
-380.000
-380.000
-380.000
-380.000
-380.000
-380.000
-380.000
-380.000
-380.000
-380.000
-380.000
-372.000
-371.000
-369.000
-360.000
-360.000
-360.000
-360.000
-360.000
-360.000
-360.000
-360.000
-359.000
-318.000
-288.000
-249.000
-217.000
-194.000
-153.000
-103.000
-78.000
-40.000
-10.000
29.000
45.000
50.000
51.000
68.000
70.000
70.000
89.000
103.000
107.000
107.000
114.000
119.000
120.000
124.000
133.000
150.000
159.000
163.000
188.000
200.000
235.000
256.000
256.000
256.000
256.000
256.000
257.000
257.000
262.000
262.000
268.000
275.000
279.000
283.000
288.000
290.000
294.000
295.000
295.000
304.000
304.000
304.000
304.000
304.000
304.000
322.000
325.000
346.000
353.000
383.000
383.000
383.000
383.000
383.000
383.000
383.000
383.000
383.000
383.000
383.000
383.000
383.000
381.000
368.000
368.000
365.000
365.000
365.000
365.000
365.000
365.000
361.000
359.000
357.000
357.000
357.000
357.000
357.000
359.000
361.000
365.000
375.000
375.000
375.000
375.000
376.000
376.000
376.000
376.000
375.000
375.000
375.000
373.000
373.000
368.000
368.000
368.000
373.000
375.000
375.000
375.000
375.000
373.000
372.000
368.000
368.000
367.000
367.000
367.000
367.000
366.000
364.000
364.000
354.000
354.000
352.000
352.000
351.000
350.000
349.000
346.000
346.000
346.000
343.000
342.000
340.000
340.000
334.000
331.000
331.000
331.000
331.000
331.000
331.000
333.000
331.000
331.000
323.000
323.000
322.000
322.000
322.000
322.000
322.000
323.000
323.000
323.000
323.000
321.000
321.000
321.000
321.000
321.000
321.000
321.000
322.000
323.000
323.000
328.000
323.000
323.000
323.000
322.000
322.000
323.000
322.000
322.000
322.000
322.000
319.000
318.000
316.000
315.000
315.000
315.000
315.000
315.000
315.000
315.000
315.000
311.000
305.000
304.000
298.000
277.000
263.000
237.000
224.000
190.000
153.000
133.000
130.000
121.000
118.000
114.000
110.000
110.000
110.000
109.000
104.000
104.000
98.000
97.000
91.000
91.000
91.000
91.000
91.000
91.000
91.000
91.000
84.000
72.000
42.000
36.000
36.000
36.000
36.000
36.000
36.000
36.000
36.000
32.000
32.000
21.000
9.000
8.000
3.000
0.000
-3.000
-3.000
-3.000
-3.000
-3.000
-3.000
-3.000
-14.000
-17.000
-18.000
-18.000
-18.000
-18.000
-18.000
-18.000
-21.000
-24.000
-24.000
-27.000
-30.000
-30.000
-30.000
-27.000
-27.000
-27.000
-27.000
-27.000
-30.000
-42.000
-49.000
-53.000
-57.000
-57.000
-64.000
-67.000
-68.000
-79.000
-86.000
-100.000
-105.000
-109.000
-105.000
-109.000
-109.000
-109.000
-111.000
-115.000
-115.000
-115.000
-115.000
-115.000
-115.000
-115.000
-115.000
-116.000
-116.000
-115.000
-115.000
-116.000
-116.000
-116.000
-115.000
-115.000
-116.000
-116.000
-114.000
-116.000
-115.000
-115.000
-115.000
-115.000
-115.000
-115.000
-115.000
-115.000
-115.000
-116.000
-116.000
-116.000
-116.000
-116.000
-116.000
-116.000
-116.000
-117.000
-118.000
-119.000
-119.000
-119.000
-120.000
-122.000
-122.000
-123.000
-123.000
-123.000
-125.000
-126.000
-129.000
-132.000
-141.000
-144.000
-148.000
-149.000
-157.000
-157.000
-157.000
-158.000
-159.000
-159.000
-159.000
-159.000
-159.000
-159.000
-159.000
-159.000
-165.000
-165.000
-165.000
-165.000
-166.000
-166.000
-168.000
-170.000
-171.000
-171.000
-172.000
-173.000
-186.000
-187.000
-214.000
-217.000
-251.000
-306.000
-400.000
-519.000
-592.000
-602.000
-632.000
-669.000
-669.000
-669.000
-669.000
-669.000
-669.000
-669.000
-669.000
-669.000
-669.000
-669.000
-669.000
-669.000
-666.000
-658.000
-657.000
-656.000
-654.000
-650.000
-650.000
-648.000
-648.000
-640.000
-640.000
-634.000
-627.000
-625.000
-625.000
-625.000
-625.000
-625.000
-625.000
-625.000
-625.000
-627.000
-627.000
-627.000
-627.000
-627.000
-627.000
-627.000
-659.000
-661.000
-663.000
-663.000
-668.000
-668.000
-668.000
-668.000
-668.000
-668.000
-668.000
-668.000
-668.000
-668.000
-668.000
-668.000
-662.000
-647.000
-622.000
-612.000
-591.000
-584.000
-584.000
-584.000
-584.000
-584.000
-584.000
-584.000
-584.000
-584.000
-584.000
-584.000
-584.000
-591.000
-591.000
-610.000
-635.000
-649.000
-655.000
-676.000
-685.000
-685.000
-685.000
-685.000
-688.000
-688.000
-688.000
-688.000
-688.000
-688.000
-688.000
-688.000
-688.000
-681.000
-676.000
-667.000
-665.000
-643.000
-638.000
-630.000
-602.000
-599.000
-573.000
-570.000
-565.000
-557.000
-553.000
-547.000
-547.000
-544.000
-544.000
-544.000
-544.000
-544.000
-544.000
-544.000
-544.000
-544.000
-543.000
-543.000
-543.000
-541.000
-533.000
-527.000
-526.000
-521.000
-513.000
-513.000
-513.000
-513.000
-513.000
-506.000
-490.000
-482.000
-474.000
-453.000
-441.000
-440.000
-437.000
-425.000
-420.000
-419.000
-415.000
-410.000
-405.000
-389.000
-388.000
-387.000
-383.000
-377.000
-374.000
-374.000
-374.000
-374.000
-374.000
-374.000
-383.000
-383.000
-405.000
-405.000
-405.000
-405.000
-405.000
-405.000
-415.000
-422.000
-437.000
-437.000
-437.000
-452.000
-452.000
-452.000
-452.000
-452.000
-452.000
-452.000
-452.000
-452.000
-452.000
-452.000
-437.000
-428.000
-421.000
-413.000
-390.000
-385.000
-364.000
-322.000
-215.000
-139.000
-22.000
133.000
223.000
334.000
368.000
409.000
445.000
447.000
456.000
463.000
477.000
482.000
483.000
483.000
484.000
487.000
488.000
491.000
493.000
494.000
499.000
500.000
501.000
502.000
502.000
507.000
518.000
544.000
568.000
583.000
583.000
583.000
583.000
583.000
583.000
583.000
583.000
583.000
583.000
583.000
583.000
583.000
574.000
572.000
558.000
549.000
547.000
547.000
547.000
547.000
547.000
547.000
547.000
547.000
547.000
547.000
547.000
547.000
547.000
547.000
547.000
548.000
549.000
549.000
550.000
550.000
550.000
554.000
554.000
557.000
562.000
568.000
562.000
562.000
557.000
555.000
554.000
554.000
550.000
550.000
550.000
549.000
548.000
547.000
547.000
547.000
522.000
508.000
508.000
508.000
508.000
508.000
507.000
507.000
506.000
506.000
506.000
501.000
499.000
497.000
494.000
492.000
492.000
492.000
492.000
490.000
484.000
484.000
484.000
474.000
462.000
451.000
444.000
444.000
444.000
437.000
427.000
414.000
405.000
403.000
403.000
394.000
384.000
355.000
351.000
346.000
341.000
329.000
323.000
318.000
317.000
305.000
301.000
292.000
267.000
248.000
240.000
235.000
226.000
212.000
201.000
191.000
185.000
185.000
181.000
154.000
98.000
89.000
62.000
24.000
19.000
-5.000
-6.000
-6.000
-6.000
-10.000
-15.000
-30.000
-31.000
-37.000
-37.000
-37.000
-38.000
-46.000
-53.000
-63.000
-71.000
-72.000
-85.000
-96.000
-96.000
-96.000
-106.000
-111.000
-111.000
-118.000
-125.000
-125.000
-128.000
-130.000
-132.000
-132.000
-132.000
-132.000
-132.000
-132.000
-132.000
-132.000
-132.000
-132.000
-130.000
-128.000
-128.000
-122.000
-122.000
-119.000
-118.000
-118.000
-115.000
-111.000
-109.000
-109.000
-109.000
-109.000
-109.000
-109.000
-109.000
-109.000
-109.000
-109.000
-111.000
-109.000
-111.000
-113.000
-113.000
-114.000
-114.000
-115.000
-115.000
-115.000
-115.000
-115.000
-115.000
-115.000
-115.000
-115.000
-115.000
-115.000
-115.000
-115.000
-115.000
-115.000
-117.000
-117.000
-119.000
-119.000
-119.000
-119.000
-119.000
-119.000
-117.000
-117.000
-117.000
-117.000
-115.000
-115.000
-116.000
-116.000
-115.000
-116.000
-116.000
-117.000
-117.000
-117.000
-116.000
-116.000
-116.000
-115.000
-115.000
-114.000
-115.000
-115.000
-114.000
-116.000
-116.000
-116.000
-116.000
-116.000
-116.000
-117.000
-118.000
-118.000
-118.000
-119.000
-119.000
-119.000
-119.000
-119.000
-119.000
-119.000
-119.000
-119.000
-119.000
-119.000
-119.000
-119.000
-119.000
-119.000
-118.000
-119.000
-119.000
-119.000
-119.000
-119.000
-119.000
-119.000
-119.000
-122.000
-122.000
-121.000
-121.000
-121.000
-121.000
-121.000
-121.000
-121.000
-121.000
-121.000
-121.000
-121.000
-121.000
-121.000
-121.000
-122.000
-122.000
-122.000
-122.000
-121.000
-121.000
-121.000
-121.000
-121.000
-121.000
-121.000
-121.000
-120.000
-120.000
-120.000
-117.000
-120.000
-120.000
-120.000
-117.000
-120.000
-117.000
-116.000
-116.000
-116.000
-115.000
-115.000
-115.000
-116.000
-116.000
-116.000
-116.000
-116.000
-116.000
-116.000
-116.000
-116.000
-116.000
-116.000
-116.000
-116.000
-116.000
-116.000
-116.000
-117.000
-116.000
-116.000
-117.000
-116.000
-116.000
-116.000
-117.000
-117.000
-116.000
-117.000
-118.000
-118.000
-118.000
-118.000
-118.000
-118.000
-118.000
-118.000
-118.000
-119.000
-118.000
-119.000
-119.000
-119.000
-119.000
-119.000
-119.000
-119.000
-119.000
-119.000
-119.000
-119.000
-120.000
-120.000
-120.000
-120.000
-120.000
-120.000
-120.000
-120.000
-120.000
-120.000
-119.000
-120.000
-120.000
-120.000
-120.000
-120.000
-120.000
-118.000
-118.000
-120.000
-118.000
-118.000
-120.000
-118.000
-118.000
-116.000
-116.000
-118.000
-118.000
-118.000
-118.000
-118.000
-116.000
-116.000
-116.000
-116.000
-116.000
-116.000
-116.000
-117.000
-117.000
-117.000
-118.000
-119.000
-119.000
-119.000
-119.000
-119.000
-119.000
-119.000
-119.000
-119.000
-119.000
-121.000
-121.000
-121.000
-121.000
-121.000
-121.000
-121.000
-121.000
-121.000
-121.000
-121.000
-119.000
-119.000
-117.000
-117.000
-116.000
-116.000
-116.000
-116.000
-117.000
-116.000
-116.000
-116.000
-116.000
-116.000
-116.000
-116.000
-116.000
-116.000
-116.000
-115.000
-115.000
-115.000
-115.000
-115.000
-115.000
-115.000
-116.000
-117.000
-117.000
-117.000
-117.000
-117.000
-117.000
-117.000
-117.000
-117.000
-117.000
-117.000
-117.000
-117.000
-117.000
-117.000
-122.000
-122.000
-122.000
-122.000
-122.000
-122.000
-122.000
-123.000
-122.000
-122.000
-122.000
-122.000
-122.000
-122.000
-122.000
-120.000
-120.000
-119.000
-120.000
-120.000
-120.000
-120.000
-120.000
-119.000
-118.000
-118.000
-118.000
-118.000
-118.000
-117.000
-117.000
-117.000
-117.000
-117.000
-117.000
-117.000
-117.000
-117.000
-117.000
-117.000
-118.000
-118.000
-117.000
-117.000
-116.000
-117.000
-117.000
-117.000
-117.000
-117.000
-117.000
-117.000
-117.000
-118.000
-118.000
-118.000
-118.000
-118.000
-118.000
-119.000
-120.000
-119.000
-119.000
-119.000
-119.000
-118.000
-118.000
-119.000
-119.000
-119.000
-119.000
-119.000
-119.000
-119.000
-119.000
-119.000
-118.000
-118.000
-118.000
-118.000
-118.000
-118.000
-117.000
-117.000
-117.000
-117.000
-117.000
-117.000
-117.000
-117.000
-117.000
-117.000
-117.000
-117.000
-117.000
-117.000
-117.000
-117.000
-117.000
-117.000
-117.000
-118.000
-117.000
-117.000
-117.000
