-124
-162
-284
-272
-2
200
-244
-216
116
-244
-116
-48
-164
-74
-132
-140
-92
-135
-108
-93
-135
-112
-123
-129
-124
-114
-136
-124
-120
-123
-116
-118
-109
-111
-108
-120
-127
-112
-118
-109
-123
-127
-93
-126
-116
-117
-121
-119
-117
-129
-121
-111
-129
-135
-133
-150
-136
-29
-234
-123
-148
-131
-77
-182
-255
-304
-162
-29
-173
-156
-78
-134
-187
-171
-111
-114
-167
-174
-134
-154
-166
-169
-233
-275
-323
-413
-502
-582
-600
-623
-598
-592
-600
-626
-605
-630
-624
-639
-645
-634
-652
-658
-645
-624
-624
-594
-576
-553
-559
-553
-552
-522
-530
-534
-517
-509
-538
-552
-534
-548
-567
-522
-526
-549
-556
-567
-546
-538
-533
-494
-528
-498
-489
-489
-441
-493
-510
-489
-515
-545
-555
-569
-561
-595
-583
-569
-612
-574
-587
-555
-541
-534
-517
-562
-579
-572
-625
-599
-624
-658
-673
-678
-690
-673
-684
-697
-705
-701
-677
-688
-681
-674
-675
-660
-621
-592
-592
-537
-513
-526
-520
-500
-534
-523
-561
-560
-587
-542
-547
-532
-537
-569
-571
-549
-573
-554
-541
-559
-539
-566
-530
-541
-533
-495
-519
-416
-482
-436
-420
-418
-390
-369
-365
-336
-317
-366
-328
-328
-386
-345
-370
-313
-357
-380
-345
-341
-395
-435
-414
-354
-362
-345
-321
-375
-436
-372
-520
-524
-279
-369
-325
-221
-227
-219
-103
-48
50
-2
26
56
-7
24
-7
-41
-8
-4
40
71
129
157
163
175
176
172
147
153
162
119
142
134
113
126
117
111
100
73
125
131
147
184
201
208
208
238
221
227
231
201
212
218
220
231
224
244
235
236
241
256
218
218
189
205
215
205
218
232
271
285
302
316
307
305
292
304
277
274
293
311
304
322
330
360
383
400
387
416
407
402
416
394
398
403
375
350
318
305
303
306
314
326
337
364
401
405
429
466
455
459
476
443
453
449
452
461
466
458
446
443
477
479
496
506
509
531
513
498
486
440
428
378
335
366
312
297
361
365
345
380
376
371
353
320
286
301
289
235
261
284
325
332
327
351
347
352
369
361
375
369
345
315
278
242
211
178
162
154
153
158
174
175
204
226
211
185
84
-78
-264
-64
65
-75
-28
20
-59
-112
-56
-70
-133
-83
-102
-127
-129
-120
-102
-95
-150
-136
-110
-102
-132
-138
-75
-105
-121
-99
-111
-127
-116
-98
-115
-132
-114
-118
-123
-107
-91
-109
-128
-112
-111
-97
-105
-117
-113
-134
-102
-105
-110
-113
-120
-121
-128
-109
-110
-107
-107
-113
-114
-108
-91
-109
-124
-130
-110
-118
-108
-99
-106
-125
-109
-117
-127
-114
-102
-133
-124
-111
-105
-123
-109
-111
-113
-130
-126
-115
-119
-108
-100
-120
-119
-114
-109
-96
-97
-125
-134
-122
-120
-117
-107
-106
-113
-115
-110
-106
-130
-115
-116
-118
-119
-104
-117
-115
-118
-117
-108
-101
-117
-132
-117
-109
-130
-109
-125
-117
-114
-130
-120
-111
-97
-110
-125
-92
-99
-113
-106
-101
-124
-122
-112
-124
-119
-120
-120
-101
-126
-115
-124
-132
-118
-165
-189
-174
-207
-263
-270
-179
-129
-150
-221
-183
-186
-221
-251
-308
-402
-535
-640
-707
-728
-720
-728
-721
-705
-758
-736
-750
-792
-805
-834
-847
-845
-858
-832
-817
-796
-784
-776
-796
-791
-813
-818
-832
-851
-872
-846
-865
-861
-835
-836
-806
-790
-785
-774
-784
-759
-718
-690
-670
-650
-660
-630
-659
-652
-619
-633
-628
-623
-642
-657
-660
-661
-660
-670
-666
-685
-668
-634
-656
-644
-633
-657
-645
-666
-638
-596
-576
-553
-515
-536
-519
-536
-545
-549
-565
-590
-616
-638
-662
-706
-704
-741
-688
-663
-630
-570
-616
-555
-516
-559
-523
-508
-555
-510
-522
-501
-478
-490
-470
-446
-455
-456
-431
-407
-456
-404
-433
-448
-448
-426
-425
-368
-402
-400
-399
-366
-354
-357
-332
-342
-1
-267
-311
-222
-172
-218
-208
-78
-167
-168
-97
-91
-3
47
32
73
105
86
104
189
227
240
282
263
243
299
257
261
266
263
214
233
311
284
351
373
378
393
396
431
432
414
422
463
446
450
470
494
526
490
503
543
532
524
526
530
546
563
559
565
544
563
573
592
581
580
569
582
563
541
546
548
547
538
541
530
501
518
535
591
586
626
668
665
673
685
691
700
656
612
606
583
553
543
529
505
515
501
499
507
512
525
535
526
511
526
492
463
421
410
372
347
326
337
300
285
276
285
289
294
272
271
255
252
229
211
194
186
191
198
186
210
227
220
223
226
213
165
85
-96
-206
-23
62
-99
-72
3
-97
-149
-61
-58
-121
-83
-94
-128
-141
-144
-178
-146
-123
-136
-151
-170
-173
-182
-104
-105
-165
-125
-92
-121
-138
-142
-121
-111
-97
-105
-71
-70
-72
-62
-77
-89
-82
-104
-107
-101
-108
-116
-102
-117
-99
-110
-96
-98
-111
-112
-114
-121
-119
-107
-98
-112
-115
-119
-117
-117
-110
-101
-121
-117
-123
-100
-106
-107
-106
-108
-121
-112
-119
-121
-116
-107
-113
-118
-116
-107
-109
-110
-109
-105
-111
-109
-116
-108
-114
-109
-104
-111
-118
-112
-112
-122
-100
-110
-114
-114
-111
-97
-113
-118
-118
-120
-124
-116
-119
-115
-114
-118
-119
-121
-107
-119
-117
-103
-118
-108
-99
-97
-126
-105
-117
-117
-103
-119
-123
-119
-124
-115
-108
-114
-110
-117
-127
-114
-105
-119
-103
-118
-120
-126
-102
-115
-110
-107
-104
-125
-115
-113
-105
-104
-122
-119
-117
-102
-125
-111
-113
-117
-112
-124
-113
-109
-119
-116
-120
-111
-118
-114
-118
-136
-97
-112
-123
-114
-117
-115
-97
-107
-112
-120
-130
-135
-97
-107
-116
-117
-127
-118
-107
-113
-115
-122
-119
-108
-129
-128
-117
-104
-120
-114
-115
-114
-112
-116
-125
-123
-110
-111
-110
-107
-107
-125
-106
-117
-115
-121
-116
-125
-115
-112
-113
-127
-117
-117
-115
-111
-113
-114
-120
-119
-109
-123
-116
-114
-133
-115
-111
-115
-107
-111
-114
-122
-107
-125
-104
-134
-116
-112
-117
-121
-97
-126
-105
-132
-128
-73
-116
-137
-54
-82
-162
-43
-128
-81
-68
-102
-114
-126
-131
-155
-166
-160
-106
-98
-107
-76
-118
-128
-136
-103
-155
-117
-98
-82
-159
-293
-266
-260
-126
39
-131
-166
-32
-112
-131
-87
-129
-120
-100
-97
-114
-114
-100
-131
-114
-105
-119
-100
-101
-80
-77
-93
-125
-113
-20
-85
-142
-90
-88
-117
-93
-105
-112
-122
-115
-117
-118
-112
-115
-123
-130
-103
-114
-108
-115
-101
-109
-113
-123
-117
-108
-104
-113
-110
-119
-134
-105
-118
-114
-115
-125
-130
-119
-108
-127
-110
-111
-118
-108
-130
-116
-108
-121
-107
-117
-120
-128
-110
-92
-121
-109
-116
-112
-104
-114
-109
-101
-100
-106
-96
-119
-119
-117
-114
-104
-128
-114
-119
-119
-107
-106
-106
-115
-103
-123
-119
-119
-120
-120
-113
-116
-124
-111
-115
-112
-123
-115
-103
-119
-110
-116
-123
-106
-103
-113
-117
-124
-127
-118
-110
-127
-115
-117
-127
-119
-125
-114
-95
-114
-118
-113
-114
-122
-104
-127
-121
-113
-124
-124
-115
-116
-119
-119
-122
-118
-117
-118
-112
-118
-111
-116
-117
-119
-126
-116
-114
-117
-124
-115
-120
-117
-116
-120
-116
-110
-116
-121
-116
-132
-116
-113
-126
-103
-111
-119
-113
-116
-116
-114
-109
-118
-109
-111
-120
-125
-101
-107
-109
-120
-119
-111
-109
-112
-116
-122
-116
-119
-134
-113
-119
-116
-107
-113
-108
-116
-109
-127
-132
-120
-110
-114
-126
-108
-114
-122
-118
-128
-108
-117
-105
-103
-120
-119
-108
-118
-119
-122
-108
-112
-102
-129
-114
-119
-112
-113
-120
-103
-105
-116
-116
-111
-112
-116
-117
-114
-116
-118
-117
-114
-121
-107
-115
-111
-118
-109
-126
-105
-121
-107
-108
-111
-120
-125
-107
-117
-92
-128
-116
-112
-117
-111
-120
-121
-112
-108
-109
-113
-113
-117
-110
-125
-117
-112
-122
-130
-116
-118
-109
-116
-113
-120
-129
-116
-121
-106
-112
-108
-117
-120
-117
-113
-116
-113
-117
-120
-122
-119
-112
-108
-110
-116
-120
-114
-122
-118
-114
-108
-106
-113
-129
-119
-111
-118
-119
-115
-122
-109
-114
-114
-115
-117
-111
-120
-109
-120
-113
-104
-123
-115
-122
-117
