-16148.000
-16152.000
-16156.000
-16172.000
-16188.000
-16236.000
-16284.000
-16288.000
-16292.000
-16306.000
-16320.000
-16324.000
-16320.000
-16328.000
-16328.000
-16328.000
-16328.000
-16328.000
-16328.000
-16328.000
-16328.000
-16320.000
-16292.000
-16284.000
-16284.000
-16284.000
-16284.000
-16284.000
-16292.000
-16320.000
-16284.000
-16224.000
-16196.000
-16100.000
-16080.000
-16080.000
-16080.000
-16080.000
-16080.000
-16080.000
-16100.000
-16156.000
-16164.000
-16216.000
-16224.000
-16224.000
-16224.000
-16224.000
-16224.000
-16296.000
-16296.000
-16296.000
-16224.000
-16216.000
-16164.000
-16164.000
-16164.000
-16164.000
-16216.000
-16216.000
-16224.000
-16272.000
-16272.000
-16224.000
-16168.000
-16160.000
-16160.000
-16080.000
-16060.000
-16056.000
-16052.000
-16060.000
-16080.000
-16096.000
-16096.000
-16096.000
-16080.000
-16060.000
-16080.000
-16096.000
-16160.000
-16168.000
-16208.000
-16168.000
-16160.000
-16160.000
-16140.000
-16140.000
-16160.000
-16208.000
-16208.000
-16140.000
-16140.000
-16140.000
-16140.000
-16140.000
-16140.000
-16056.000
-16052.000
-16048.000
-16040.000
-15992.000
-15972.000
-15960.000
-15932.000
-15876.000
-15868.000
-15868.000
-15868.000
-15868.000
-15868.000
-15868.000
-15868.000
-15868.000
-15868.000
-15868.000
-15868.000
-15900.000
-15900.000
-15960.000
-15972.000
-15984.000
-15972.000
-15900.000
-15900.000
-15932.000
-15984.000
-16044.000
-16044.000
-16140.000
-16140.000
-16140.000
-16140.000
-16172.000
-16216.000
-16044.000
-16268.000
-16288.000
-16288.000
-16284.000
-15960.000
-15960.000
-15960.000
-15960.000
-15948.000
-15932.000
-15896.000
-15932.000
-15948.000
-15960.000
-16076.000
-16076.000
-15960.000
-15960.000
-15948.000
-15948.000
-15948.000
-15948.000
-15772.000
-15772.000
-15772.000
-15772.000
-15772.000
-15772.000
-15772.000
-15800.000
-16076.000
-16160.000
-16160.000
-16160.000
-16160.000
-16160.000
-16160.000
-16020.000
-16020.000
-16020.000
-16020.000
-16132.000
-16160.000
-16240.000
-16240.000
-16160.000
-16160.000
-16168.000
-16172.000
-16168.000
-16168.000
-16144.000
-16132.000
-16120.000
-16120.000
-16116.000
-16116.000
-16120.000
-16124.000
-16132.000
-16132.000
-16132.000
-16132.000
-16124.000
-16124.000
-16124.000
-16124.000
-16124.000
-16124.000
-16120.000
-16120.000
-16116.000
-16100.000
-16096.000
-16084.000
-16084.000
-16080.000
-16084.000
-16092.000
-16092.000
-16100.000
-16100.000
-16100.000
-16092.000
-16084.000
-16092.000
-16092.000
-16092.000
-16096.000
-16096.000
-16092.000
-16092.000
-16092.000
-16092.000
-16092.000
-16096.000
-16092.000
-16092.000
-16096.000
-16096.000
-16100.000
-16100.000
-16100.000
-16100.000
-16100.000
-16100.000
-16100.000
-16104.000
-16104.000
-16104.000
-16104.000
-16104.000
-16104.000
-16104.000
-16104.000
-16104.000
-16100.000
-16092.000
-16084.000
-16084.000
-16084.000
-16100.000
-16100.000
-16084.000
-16084.000
-16084.000
-16084.000
-16084.000
-16084.000
-16084.000
-16084.000
-16084.000
-16076.000
-16084.000
-16084.000
-16084.000
-16076.000
-16072.000
-16072.000
-16076.000
-16076.000
-16076.000
-16084.000
-16088.000
-16088.000
-16084.000
-16076.000
-16068.000
-16076.000
-16088.000
-16092.000
-16096.000
-16092.000
-16088.000
-16088.000
-16088.000
-16088.000
-16088.000
-16084.000
-16084.000
-16084.000
-16096.000
-16096.000
-16096.000
-16096.000
-16096.000
-16096.000
-16092.000
-16084.000
-16076.000
-16076.000
-16084.000
-16092.000
-16092.000
-16092.000
-16092.000
-16092.000
-16092.000
-16092.000
-16084.000
-16092.000
-16092.000
-16092.000
-16092.000
-16092.000
-16092.000
-16092.000
-16092.000
-16088.000
-16080.000
-16068.000
-16080.000
-16088.000
-16092.000
-16096.000
-16096.000
-16092.000
-16088.000
-16088.000
-16088.000
-16088.000
-16088.000
-16096.000
-16096.000
-16096.000
-16096.000
-16088.000
-16088.000
-16088.000
-16088.000
-16064.000
-16060.000
-16060.000
-16064.000
-16064.000
-16088.000
-16064.000
-16064.000
-16064.000
-16064.000
-16064.000
-16064.000
-16080.000
-16064.000
-16064.000
-16064.000
-16060.000
-16060.000
-16052.000
-16052.000
-16052.000
-16052.000
-16052.000
-16060.000
-16064.000
-16064.000
-16080.000
-16080.000
-16080.000
-16080.000
-16072.000
-16072.000
-16072.000
-16076.000
-16076.000
-16076.000
-16072.000
-16072.000
-16072.000
-16072.000
-16072.000
-16072.000
-16076.000
-16076.000
-16076.000
-16076.000
-16076.000
-16076.000
-16076.000
-16076.000
-16076.000
-16072.000
-16072.000
-16072.000
-16076.000
-16076.000
-16076.000
-16076.000
-16076.000
-16072.000
-16076.000
-16076.000
-16076.000
-16092.000
-16092.000
-16092.000
-16092.000
-16076.000
-16092.000
-16120.000
-16092.000
-16092.000
-16072.000
-16072.000
-16072.000
-16072.000
-16092.000
-16092.000
-16096.000
-16092.000
-16092.000
-16088.000
-16092.000
-16092.000
-16096.000
-16112.000
-16128.000
-16136.000
-16136.000
-16140.000
-16140.000
-16148.000
-16152.000
-16152.000
-16152.000
-16160.000
-16160.000
-16160.000
-16160.000
-16152.000
-16152.000
-16152.000
-16152.000
-16160.000
-16160.000
-16160.000
-16176.000
-16232.000
-16244.000
-16248.000
-16248.000
-16248.000
-16248.000
-16248.000
-16244.000
-16196.000
-16176.000
-16160.000
-16156.000
-16128.000
-16108.000
-16108.000
-16108.000
-16108.000
-16128.000
-16156.000
-16156.000
-16156.000
-16132.000
-16156.000
-16144.000
-16144.000
-16132.000
-16108.000
-16108.000
-16108.000
-16108.000
-16100.000
-16092.000
-16064.000
-16064.000
-16092.000
-16092.000
-16092.000
-16092.000
-16064.000
-16064.000
-16064.000
-16092.000
-16064.000
-16060.000
-16060.000
-16060.000
-16008.000
-16008.000
-16004.000
-16000.000
-16000.000
-15996.000
-15980.000
-15980.000
-15968.000
-15960.000
-15960.000
-15960.000
-15960.000
-15948.000
-15948.000
-15948.000
-15940.000
-15880.000
-15864.000
-15864.000
-15856.000
-15856.000
-15848.000
-15848.000
-15848.000
-15848.000
-15848.000
-15848.000
-15848.000
-15848.000
-15848.000
-15848.000
-15856.000
-15856.000
-15856.000
-15848.000
-15812.000
-15792.000
-15792.000
-15792.000
-15792.000
-15780.000
-15776.000
-15764.000
-15776.000
-15764.000
-15740.000
-15740.000
-15740.000
-15740.000
-15740.000
-15720.000
-15708.000
-15660.000
-15660.000
-15656.000
-15656.000
-15644.000
-15644.000
-15640.000
-15640.000
-15644.000
-15640.000
-15632.000
-15628.000
-15632.000
-15628.000
-15628.000
-15616.000
-15616.000
-15616.000
-15608.000
-15596.000
-15592.000
-15588.000
-15580.000
-15548.000
-15548.000
-15588.000
-15592.000
-15588.000
-15548.000
-15540.000
-15540.000
-15540.000
-15532.000
-15464.000
-15464.000
-15460.000
-15456.000
-15456.000
-15456.000
-15436.000
-15404.000
-15400.000
-15380.000
-15340.000
-15336.000
-15216.000
-15200.000
-15200.000
-15172.000
-15160.000
-15116.000
-15092.000
-15068.000
-15068.000
-15068.000
-15068.000
-15052.000
-15052.000
-15052.000
-15052.000
-15068.000
-15068.000
-15068.000
-15068.000
-15068.000
-15068.000
-15068.000
-15048.000
-15040.000
-15020.000
-15016.000
-15008.000
-15000.000
-15000.000
-15000.000
-15000.000
-14968.000
-14952.000
-14908.000
-14892.000
-14884.000
-14848.000
-14848.000
-14808.000
-14808.000
-14808.000
-14808.000
-14760.000
-14748.000
-14744.000
-14712.000
-14692.000
-14668.000
-14668.000
-14624.000
-14620.000
-14616.000
-14596.000
-14584.000
-14584.000
-14568.000
-14576.000
-14556.000
-14536.000
-14524.000
-14512.000
-14508.000
-14500.000
-14496.000
-14480.000
-14472.000
-14464.000
-14452.000
-14436.000
-14408.000
-14376.000
-14284.000
-14284.000
-14256.000
-14240.000
-14232.000
-14220.000
-14220.000
-14212.000
-14212.000
-14212.000
-14200.000
-14192.000
-14184.000
-14172.000
-14160.000
-14160.000
-14152.000
-14152.000
-14152.000
-14152.000
-14152.000
-14152.000
-14148.000
-14132.000
-14120.000
-14072.000
-14048.000
-14004.000
-13952.000
-13948.000
-13936.000
-13920.000
-13916.000
-13908.000
-13900.000
-13848.000
-13812.000
-13812.000
-13812.000
-13796.000
-13792.000
-13776.000
-13772.000
-13732.000
-13712.000
-13712.000
-13700.000
-13660.000
-13640.000
-13636.000
-13636.000
-13604.000
-13576.000
-13576.000
-13572.000
-13552.000
-13548.000
-13540.000
-13540.000
-13540.000
-13536.000
-13496.000
-13400.000
-13384.000
-13300.000
-13244.000
-13228.000
-13188.000
-13176.000
-13164.000
-13136.000
-13136.000
-13104.000
-13104.000
-13104.000
-13104.000
-13104.000
-13136.000
-13136.000
-13156.000
-13156.000
-13156.000
-13176.000
-13188.000
-13188.000
-13188.000
-13200.000
-13200.000
-13248.000
-13272.000
-13312.000
-13312.000
-13348.000
-13348.000
-13348.000
-13388.000
-13392.000
-13392.000
-13392.000
-13400.000
-13408.000
-13424.000
-13432.000
-13452.000
-13484.000
-13496.000
-13508.000
-13512.000
-13524.000
-13536.000
-13548.000
-13548.000
-13548.000
-13548.000
-13548.000
-13560.000
-13732.000
-13772.000
-13776.000
-13820.000
-13852.000
-13860.000
-13884.000
-13896.000
-13900.000
-13928.000
-13952.000
-13988.000
-13996.000
-14000.000
-14032.000
-14124.000
-14132.000
-14140.000
-14152.000
-14180.000
-14184.000
-14236.000
-14240.000
-14328.000
-14332.000
-14360.000
-14360.000
-14416.000
-14428.000
-14428.000
-14448.000
-14456.000
-14480.000
-14500.000
-14516.000
-14548.000
-14568.000
-14572.000
-14572.000
-14604.000
-14616.000
-14656.000
-14660.000
-14672.000
-14688.000
-14688.000
-14688.000
-14700.000
-14704.000
-14724.000
-14736.000
-14764.000
-14764.000
-14768.000
-14800.000
-14812.000
-14812.000
-14816.000
-14824.000
-14828.000
-14832.000
-14832.000
-14844.000
-14852.000
-14864.000
-14880.000
-14880.000
-14884.000
-14896.000
-14908.000
-14912.000
-14916.000
-14924.000
-14948.000
-14952.000
-14960.000
-15012.000
-15036.000
-15060.000
-15112.000
-15116.000
-15124.000
-15140.000
-15140.000
-15140.000
-15148.000
-15148.000
-15152.000
-15152.000
-15168.000
-15200.000
-15212.000
-15220.000
-15232.000
-15236.000
-15240.000
-15260.000
-15268.000
-15320.000
-15332.000
-15332.000
-15332.000
-15332.000
-15356.000
-15368.000
-15380.000
-15420.000
-15424.000
-15428.000
-15488.000
-15492.000
-15520.000
-15528.000
-15528.000
-15520.000
-15520.000
-15528.000
-15528.000
-15544.000
-15644.000
-15644.000
-15676.000
-15696.000
-15696.000
-15720.000
-15756.000
-15756.000
-15760.000
-15792.000
-15812.000
-15836.000
-15836.000
-15876.000
-15876.000
-15876.000
-15876.000
-15876.000
-15904.000
-15904.000
-15904.000
-15940.000
-15952.000
-15964.000
-15980.000
-16028.000
-16028.000
-16060.000
-16084.000
-16084.000
-16084.000
-16096.000
-16096.000
-16096.000
-16060.000
-16060.000
-16060.000
-16060.000
-16060.000
-16060.000
-16060.000
-16096.000
-16108.000
-16108.000
-16172.000
-16188.000
-16188.000
-16188.000
-16172.000
-16108.000
-16060.000
-16060.000
-16036.000
-15996.000
-15996.000
-15996.000
-15996.000
-15996.000
-15996.000
-16036.000
-16060.000
-16176.000
-16176.000
-16176.000
-16176.000
-16176.000
-16148.000
-16092.000
-16084.000
-16084.000
-16084.000
-16092.000
-16148.000
-16176.000
-16180.000
-16180.000
-16180.000
-16180.000
-16180.000
-16176.000
-16148.000
-16092.000
-16092.000
-16084.000
-16076.000
-16060.000
-16052.000
-16052.000
-16052.000
-16076.000
-16084.000
-16092.000
-16092.000
-16164.000
-16164.000
-16092.000
-16092.000
-16076.000
-16052.000
-16052.000
-16076.000
-16076.000
-16092.000
-16112.000
-16112.000
-16124.000
-16124.000
-16136.000
-16164.000
-16164.000
-16164.000
-16164.000
-16156.000
-16140.000
-16140.000
-16140.000
-16136.000
-16124.000
-16124.000
-16112.000
-16112.000
-16112.000
-16112.000
-16112.000
-16072.000
-16072.000
-16072.000
-16072.000
-16072.000
-16072.000
-16072.000
-16072.000
-16056.000
-16056.000
-16056.000
-16052.000
-16056.000
-16056.000
-16072.000
-16056.000
-16056.000
-16056.000
-16056.000
-16056.000
-16052.000
-16044.000
-15964.000
-15940.000
-15964.000
-15964.000
-15964.000
-16056.000
-16080.000
-16108.000
-16108.000
-16108.000
-16108.000
-16108.000
-16056.000
-16056.000
-16108.000
-16108.000
-16136.000
-16144.000
-16184.000
-16192.000
-16184.000
-16184.000
-16184.000
-16184.000
-16184.000
-16184.000
-16184.000
-16184.000
-16184.000
-16144.000
-16136.000
-16120.000
-16088.000
-16088.000
-16056.000
-16088.000
-16088.000
-16096.000
-16088.000
-16056.000
-16056.000
-16028.000
-16028.000
-16016.000
-16016.000
-16016.000
-16016.000
-16016.000
-16016.000
-16016.000
-16016.000
-16036.000
-16024.000
-16024.000
-16036.000
-16040.000
-16044.000
-16052.000
-16052.000
-16052.000
-16052.000
-16052.000
-16052.000
-16052.000
-16052.000
-16052.000
-16052.000
-16052.000
-16052.000
-16052.000
-16052.000
-16052.000
-16052.000
-16052.000
-16052.000
-16052.000
-16052.000
-16056.000
-16060.000
-16056.000
-16056.000
-16056.000
-16052.000
-16052.000
-16052.000
-16052.000
-16048.000
-16052.000
-16056.000
-16068.000
-16068.000
-16068.000
-16080.000
-16068.000
-16080.000
-16068.000
-16068.000
-16068.000
-16080.000
-16084.000
-16084.000
-16104.000
-16104.000
-16104.000
-16108.000
-16104.000
-16080.000
-16080.000
-16068.000
-16108.000
-16068.000
-16108.000
-16068.000
-16068.000
-16068.000
-16088.000
-16108.000
-16112.000
-16112.000
-16112.000
-16112.000
-16112.000
-16112.000
-16096.000
-16088.000
-16088.000
-16088.000
-16096.000
-16088.000
-16088.000
-16088.000
-16096.000
-16116.000
-16116.000
-16116.000
-16184.000
-16192.000
-16200.000
-16220.000
-16272.000
-16272.000
-16200.000
-16192.000
-16184.000
-16184.000
-16184.000
-16128.000
-16128.000
-16128.000
-16128.000
-16128.000
-16124.000
-16120.000
-16120.000
-16124.000
-16120.000
-16084.000
-16084.000
-16076.000
-16076.000
-16076.000
-16076.000
-16064.000
-16056.000
-16032.000
-15992.000
-15984.000
-15984.000
-15944.000
-15944.000
-15984.000
-15984.000
-16032.000
-16032.000
-16056.000
-16064.000
-16084.000
-16152.000
-16164.000
-16152.000
-16152.000
-16152.000
-16152.000
-16152.000
-16056.000
-15944.000
-15940.000
-15940.000
-15936.000
-15936.000
-15936.000
-15860.000
-15856.000
-15820.000
-15744.000
-15708.000
-15684.000
-15684.000
-15684.000
-15684.000
-15684.000
-15684.000
-15684.000
-15684.000
-15684.000
-15708.000
-15744.000
-15808.000
-15808.000
-15820.000
-15908.000
-15952.000
-16004.000
-16004.000
-16004.000
-16012.000
-16032.000
-16032.000
-16032.000
-16032.000
-16032.000
-16032.000
-16032.000
-16032.000
-16032.000
-16032.000
-16012.000
-15980.000
-15972.000
-15876.000
-15808.000
-15768.000
-15760.000
-15748.000
-15724.000
-15700.000
-15696.000
-15696.000
-15692.000
-15680.000
-15672.000
-15664.000
-15640.000
-15636.000
-15632.000
-15596.000
-15596.000
-15584.000
-15560.000
-15532.000
-15472.000
-15472.000
-15384.000
-15368.000
-15348.000
-15328.000
-15236.000
-15160.000
-15156.000
-15156.000
-15092.000
-15072.000
-15056.000
-15044.000
-14976.000
-14964.000
-14944.000
-14932.000
-14908.000
-14868.000
-14840.000
-14776.000
-14576.000
-14540.000
-14540.000
-14540.000
-14524.000
-14504.000
-14504.000
-14504.000
-14504.000
-14504.000
-14496.000
-14480.000
-14480.000
-14464.000
-14464.000
-14480.000
-14496.000
-14496.000
-14496.000
-14496.000
-14480.000
-14460.000
-14456.000
-14452.000
-14452.000
-14448.000
-14444.000
-14416.000
-14400.000
-14396.000
-14396.000
-14388.000
-14384.000
-14376.000
-14312.000
-14236.000
-14204.000
-14160.000
-14152.000
-14144.000
-14136.000
-14124.000
-14112.000
-14084.000
-14112.000
-14112.000
-14112.000
-14100.000
-14084.000
-14076.000
-14024.000
-14008.000
-14008.000
-14000.000
-13976.000
-13968.000
-13964.000
-13936.000
-13928.000
-13904.000
-13904.000
-13904.000
-13904.000
-13896.000
-13896.000
-13896.000
-13896.000
-13896.000
-13896.000
-13896.000
-13880.000
-13868.000
-13868.000
-13824.000
-13824.000
-13868.000
-13868.000
-13868.000
-13868.000
-13868.000
-13880.000
-13984.000
-13996.000
-14108.000
-14208.000
-14268.000
-14288.000
-14320.000
-14356.000
-14356.000
-14416.000
-14436.000
-14456.000
-14472.000
-14476.000
-14528.000
-14588.000
-14596.000
-14620.000
-14696.000
-14708.000
-14796.000
-14820.000
-14824.000
-14852.000
-14872.000
-14916.000
-15020.000
-15028.000
-15028.000
-15036.000
-15036.000
-15044.000
-15064.000
-15064.000
-15064.000
-15076.000
-15076.000
-15076.000
-15064.000
-15064.000
-15064.000
-15076.000
-15108.000
-15112.000
-15112.000
-15112.000
-15124.000
-15144.000
-15212.000
-15224.000
-15228.000
-15264.000
-15288.000
-15288.000
-15408.000
-15452.000
-15468.000
-15484.000
-15488.000
-15532.000
-15572.000
-15576.000
-15576.000
-15576.000
-15648.000
-15656.000
-15692.000
-15692.000
-15724.000
-15724.000
-15740.000
-15744.000
-15816.000
-15876.000
-15924.000
-15940.000
-15968.000
-16068.000
-16076.000
-16076.000
-16068.000
-16044.000
-16068.000
-16076.000
-16076.000
-16076.000
-16078.000
-16080.000
-16090.000
-16100.000
-16140.000
-16180.000
-16184.000
-16180.000
-16140.000
-16100.000
-16090.000
-16080.000
