-114
-11
-59
-255
-98
-110
-30
-65
-147
-100
-130
-115
-98
-129
-127
-116
-111
-123
-103
-137
-124
-134
-109
-121
-119
-120
-126
-117
-120
-116
-132
-113
-120
-112
-123
-116
-118
-133
-124
-142
-154
-193
-299
-313
-253
-184
-135
-94
-178
-180
-140
-177
-169
-169
-180
-206
-182
-185
-215
-272
-324
-395
-491
-570
-665
-679
-738
-762
-515
-1023
-747
-736
-759
-723
-696
-685
-670
-646
-670
-683
-688
-713
-736
-742
-727
-751
-747
-714
-702
-682
-632
-589
-571
-532
-493
-460
-443
-438
-420
-407
-406
-406
-420
-453
-452
-473
-497
-518
-540
-537
-540
-558
-548
-514
-527
-503
-485
-508
-481
-466
-472
-443
-439
-413
-399
-401
-390
-375
-367
-359
-362
-336
-347
-365
-377
-387
-425
-443
-440
-477
-510
-504
-535
-535
-518
-524
-515
-521
-519
-505
-495
-462
-458
-450
-434
-422
-402
-398
-390
-370
-376
-366
-360
-408
-393
-420
-417
-406
-412
-422
-416
-434
-423
-393
-406
-393
-407
-391
-405
-407
-398
-391
-395
-383
-364
-357
-361
-351
-362
-370
-344
-344
-358
-363
-378
-393
-418
-432
-418
-429
-453
-461
-488
-502
-509
-526
-566
-522
-557
-514
-495
-508
-429
-410
-416
-395
-352
-380
-342
-345
-341
-325
-368
-370
-353
-356
-364
-405
-424
-438
-469
-468
-480
-485
-519
-526
-526
-491
-514
-445
-491
-456
-472
-467
-457
-465
-461
-469
-495
-455
-473
-462
-441
-481
-450
-468
-382
-397
-371
-353
-346
-336
-335
-331
-325
-338
-337
-328
-338
-387
-391
-415
-452
-449
-453
-437
-428
-420
-419
-402
-396
-392
-384
-409
-414
-416
-386
-367
-323
-294
-313
-324
-343
-360
-416
-453
-461
-464
-427
-411
-415
-399
-405
-403
-375
-389
-392
-380
-369
-345
-352
-333
-335
-347
-346
-339
-372
-371
-360
-398
-395
-430
-425
-430
-426
-433
-421
-415
-407
-359
-318
-288
-249
-217
-194
-153
-103
-78
-40
-10
51
68
107
119
120
103
114
89
70
45
29
50
70
107
124
133
150
163
159
188
200
235
256
268
275
288
299
294
327
327
315
329
339
304
279
248
218
215
237
257
255
262
257
283
295
290
322
325
346
353
383
406
422
468
477
438
425
425
445
425
420
394
394
381
368
352
348
342
341
353
331
332
321
346
354
361
365
376
357
401
415
411
408
377
359
357
349
355
379
396
411
420
405
394
375
373
361
340
378
368
356
368
352
367
375
364
383
367
366
380
385
394
372
377
392
354
352
328
312
323
315
305
316
343
340
349
346
340
351
361
350
346
322
342
346
331
334
309
320
294
275
280
281
278
282
295
304
333
321
333
323
329
318
331
333
346
361
337
348
361
323
308
305
274
268
294
296
318
322
345
338
328
305
298
311
316
325
335
322
330
363
319
315
315
304
277
263
237
224
190
153
110
91
63
71
60
64
76
70
104
118
130
121
133
114
109
104
98
91
121
114
97
84
72
42
36
9
0
-47
-49
-45
-59
-40
-8
-3
21
3
32
44
73
88
75
96
69
41
32
8
-17
-21
-30
-42
-18
-34
-35
-24
-14
-27
-24
-49
-80
-53
-42
-12
-9
34
147
123
-67
-178
-79
-68
-57
-21
-26
-24
-30
7
-64
-86
-111
-134
-105
-100
-121
-131
-115
-109
-115
-131
-124
-109
-115
-121
-103
-120
-121
-98
-125
-129
-126
-99
-106
-101
-114
-123
-116
-118
-107
-114
-133
-119
-97
-110
-113
-135
-132
-106
-112
-133
-115
-115
-116
-123
-106
-125
-105
-113
-118
-123
-117
-120
-116
-122
-109
-119
-126
-123
-129
-132
-144
-148
-161
-159
-180
-168
-159
-149
-141
-158
-165
-159
-176
-166
-157
-171
-170
-152
-127
-168
-187
-139
-113
-152
-154
-173
-214
-172
-165
-166
-186
-217
-251
-306
-400
-519
-592
-602
-632
-700
-705
-694
-692
-748
-725
-711
-704
-679
-684
-685
-678
-669
-648
-666
-648
-640
-656
-654
-658
-625
-619
-650
-650
-640
-657
-634
-627
-608
-607
-601
-576
-589
-577
-589
-601
-574
-612
-625
-617
-627
-659
-661
-663
-688
-677
-668
-693
-672
-673
-675
-677
-680
-677
-690
-682
-662
-675
-647
-622
-612
-581
-591
-553
-570
-554
-520
-525
-526
-529
-514
-538
-545
-565
-584
-591
-610
-635
-649
-655
-685
-691
-711
-704
-701
-712
-715
-696
-704
-688
-676
-705
-713
-714
-681
-667
-665
-704
-643
-630
-638
-602
-599
-565
-573
-570
-547
-543
-542
-544
-557
-553
-541
-543
-527
-521
-507
-491
-511
-513
-526
-549
-533
-547
-545
-558
-544
-567
-570
-548
-552
-506
-513
-490
-482
-474
-453
-441
-420
-387
-388
-389
-377
-370
-374
-410
-383
-419
-415
-440
-437
-425
-405
-354
-357
-352
-367
-357
-369
-349
-357
-374
-343
-343
-361
-415
-422
-437
-460
-461
-472
-500
-508
-547
-538
-528
-491
-474
-456
-437
-421
-452
-455
-385
-428
-413
-390
-364
-322
-215
-139
-22
133
223
334
368
409
445
447
456
463
494
503
501
483
477
500
493
488
491
507
487
484
482
483
499
502
518
544
568
583
614
641
667
655
659
638
646
624
611
625
603
584
572
574
558
536
503
527
541
541
549
533
518
540
535
547
538
542
544
569
547
570
562
606
594
581
550
557
550
550
548
538
543
554
549
554
582
585
605
607
623
607
600
568
555
547
522
508
508
257
258
471
497
506
483
483
492
494
490
501
517
521
506
514
507
509
506
499
474
484
462
444
444
444
451
427
437
414
403
405
403
394
384
355
351
346
329
341
317
318
323
305
301
292
267
248
240
235
226
212
191
185
201
181
154
98
-6
-56
-41
-30
-15
24
-5
-10
19
249
89
-271
-224
62
-53
-123
-38
-31
-37
35
27
-46
-72
-63
-71
-85
-106
-111
-96
-125
-118
-144
-172
-177
-155
-149
-128
-142
-161
-139
-168
-158
-130
-122
-132
-166
-144
-119
-64
-128
-118
-94
-111
-106
-100
-106
-108
-90
-93
-109
-126
-98
-115
-126
-108
-107
-108
-120
-109
-116
-121
-114
-111
-115
-124
-115
-113
-109
-121
-113
-119
-130
-114
-125
-113
-119
-136
-114
-120
-127
-110
-111
-93
-101
-130
-123
-98
-127
-117
-119
-121
-114
-125
-115
-114
-126
-112
-109
-139
-108
-110
-117
-116
-121
-106
-125
-105
-119
-111
-124
-113
-112
-119
-111
-125
-102
-122
-123
-103
-119
-118
-116
-113
-128
-109
-120
-130
-115
-119
-119
-128
-122
-112
-122
-117
-122
-109
-124
-128
-118
-117
-127
-111
-107
-117
-119
-118
-108
-122
-124
-128
-127
-122
-123
-121
-121
-123
-118
-106
-127
-115
-114
-124
-125
-109
-121
-122
-121
-134
-124
-112
-117
-110
-111
-113
-108
-121
-120
-121
-128
-121
-106
-116
-104
-108
-126
-113
-120
-111
-125
-115
-114
-119
-121
-113
-105
-117
-122
-112
-116
-116
-123
-115
-124
-132
-99
-123
-112
-114
-120
-115
-123
-119
-130
-104
-115
-118
-102
-117
-116
-122
-119
-108
-123
-120
-114
-119
-107
-120
-124
-113
-126
-115
-126
-111
-133
-119
-125
-120
-109
-112
-120
-112
-118
-122
-129
-122
-126
-100
-124
-113
-114
-121
-125
-106
-109
-112
-121
-129
-136
-114
-112
-124
-115
-118
-128
-112
-110
-120
-116
-120
-111
-125
-119
-119
-113
-111
-126
-116
-116
-114
-104
-121
-133
-117
-121
-115
-132
-126
-127
-119
-122
-116
-109
-129
-126
-125
-121
-113
-137
-117
-129
-107
-108
-116
-117
-105
-124
-122
-110
-113
-110
-113
-115
-116
-99
-128
-118
-117
-110
-119
-115
-128
-115
-117
-122
-119
-107
-114
-115
-114
-124
-114
-113
-117
-133
-122
-117
-125
-101
-133
-117
-122
-129
-125
-117
-125
-117
-115
-132
-125
-129
-124
-120
-118
-117
-129
-120
-123
-132
-105
-117
-122
-117
-108
-130
-115
-111
-116
-119
-122
-128
-107
-111
-123
-113
-118
-122
-116
-120
-117
-99
-121
-115
-122
-122
-111
-111
-121
-117
-120
-112
-130
-112
-114
-104
-113
-120
-114
-123
-118
-102
-120
-120
-120
-121
-104
-125
-102
-129
-131
-119
-130
-118
-119
-114
-116
-114
-108
-131
-114
-92
-119
-119
-119
-117
-111
-107
-117
-121
-122
-114
-123
-117
-108
-112
-122
-119
-115
-122
-122
-113
-117
-109
-119
