176.000
176.000
176.000
176.000
176.000
176.000
176.000
176.000
176.000
180.000
176.000
176.000
176.000
184.000
184.000
184.000
192.000
192.000
184.000
184.000
192.000
184.000
176.000
184.000
184.000
192.000
192.000
184.000
184.000
176.000
176.000
176.000
176.000
176.000
176.000
176.000
180.000
180.000
176.000
176.000
176.000
176.000
176.000
180.000
180.000
176.000
176.000
180.000
176.000
176.000
176.000
180.000
184.000
184.000
184.000
184.000
200.000
200.000
200.000
200.000
184.000
184.000
180.000
184.000
184.000
180.000
168.000
180.000
168.000
168.000
168.000
168.000
128.000
120.000
104.000
92.000
88.000
88.000
88.000
32.000
32.000
32.000
32.000
24.000
0.000
-8.000
-32.000
-8.000
-8.000
0.000
0.000
0.000
-32.000
-36.000
-64.000
-64.000
-64.000
-64.000
-64.000
-108.000
-112.000
-124.000
-172.000
-184.000
-184.000
-184.000
-228.000
-264.000
-264.000
-272.000
-272.000
-292.000
-340.000
-380.000
-408.000
-408.000
-380.000
-380.000
-408.000
-436.000
-436.000
-448.000
-564.000
-580.000
-592.000
-592.000
-592.000
-596.000
-676.000
-676.000
-712.000
-768.000
-780.000
-828.000
-856.000
-876.000
-932.000
-980.000
-1012.000
-1024.000
-1060.000
-1060.000
-1060.000
-1060.000
-1060.000
-1060.000
-1060.000
-1036.000
-1036.000
-1036.000
-1036.000
-1024.000
-1000.000
-1000.000
-1000.000
-868.000
-868.000
-768.000
-652.000
-652.000
-652.000
-608.000
-576.000
-572.000
-572.000
-564.000
-564.000
-564.000
-532.000
-524.000
-524.000
-468.000
-460.000
-460.000
-420.000
-416.000
-416.000
-416.000
-416.000
-416.000
-372.000
-372.000
-372.000
-372.000
-372.000
-372.000
-372.000
-416.000
-420.000
-420.000
-480.000
-520.000
-520.000
-520.000
-520.000
-520.000
-520.000
-520.000
-520.000
-520.000
-520.000
-364.000
-336.000
-284.000
-244.000
-240.000
-240.000
-192.000
-180.000
-156.000
-32.000
-8.000
-8.000
-8.000
0.000
32.000
40.000
76.000
88.000
92.000
92.000
88.000
88.000
92.000
128.000
156.000
160.000
160.000
172.000
256.000
272.000
272.000
272.000
272.000
272.000
272.000
280.000
308.000
308.000
324.000
324.000
324.000
352.000
352.000
352.000
352.000
372.000
392.000
372.000
372.000
372.000
372.000
372.000
372.000
372.000
372.000
412.000
372.000
372.000
372.000
372.000
412.000
436.000
436.000
436.000
472.000
472.000
436.000
472.000
496.000
496.000
496.000
496.000
496.000
520.000
520.000
520.000
496.000
520.000
520.000
496.000
496.000
496.000
496.000
496.000
520.000
520.000
520.000
536.000
536.000
536.000
552.000
560.000
560.000
656.000
656.000
668.000
668.000
672.000
672.000
720.000
772.000
932.000
948.000
1016.000
1016.000
1020.000
1040.000
1060.000
1080.000
1200.000
1200.000
1200.000
1204.000
1204.000
1204.000
1204.000
1200.000
1172.000
1160.000
1172.000
1172.000
1204.000
1204.000
1172.000
1160.000
1120.000
1080.000
1040.000
980.000
980.000
928.000
900.000
864.000
860.000
792.000
768.000
768.000
768.000
724.000
720.000
720.000
720.000
708.000
668.000
668.000
660.000
624.000
596.000
596.000
596.000
596.000
516.000
428.000
408.000
408.000
428.000
516.000
516.000
516.000
548.000
548.000
548.000
548.000
588.000
588.000
588.000
588.000
588.000
588.000
548.000
548.000
548.000
588.000
596.000
588.000
580.000
588.000
588.000
596.000
608.000
608.000
596.000
580.000
556.000
548.000
548.000
548.000
532.000
532.000
532.000
548.000
556.000
580.000
580.000
596.000
608.000
620.000
644.000
644.000
644.000
644.000
644.000
664.000
664.000
680.000
696.000
712.000
712.000
760.000
788.000
788.000
800.000
812.000
840.000
908.000
912.000
964.000
1012.000
1092.000
1096.000
1312.000
1344.000
1344.000
1344.000
1344.000
1344.000
1344.000
1344.000
1344.000
1344.000
1344.000
1344.000
1204.000
1204.000
1176.000
1176.000
1176.000
1156.000
1148.000
1148.000
1148.000
1148.000
1148.000
1148.000
1092.000
1088.000
1084.000
1052.000
1000.000
988.000
948.000
948.000
948.000
948.000
908.000
900.000
896.000
896.000
892.000
892.000
892.000
864.000
856.000
824.000
816.000
780.000
780.000
780.000
776.000
776.000
776.000
776.000
768.000
748.000
748.000
748.000
748.000
696.000
668.000
668.000
696.000
768.000
776.000
776.000
776.000
792.000
800.000
868.000
904.000
904.000
956.000
964.000
1012.000
1020.000
1080.000
1144.000
1184.000
1228.000
1228.000
1228.000
1232.000
1296.000
1300.000
1300.000
1372.000
1392.000
1516.000
1536.000
1536.000
1536.000
1516.000
1392.000
1392.000
1392.000
1360.000
1300.000
1296.000
1296.000
1296.000
1296.000
1264.000
1228.000
1188.000
1188.000
1188.000
800.000
752.000
708.000
592.000
528.000
448.000
444.000
324.000
324.000
304.000
252.000
252.000
252.000
252.000
252.000
252.000
252.000
340.000
340.000
312.000
284.000
284.000
312.000
332.000
340.000
340.000
340.000
340.000
360.000
436.000
436.000
440.000
464.000
528.000
528.000
580.000
604.000
604.000
644.000
604.000
604.000
604.000
604.000
644.000
644.000
644.000
636.000
636.000
644.000
644.000
668.000
672.000
672.000
672.000
708.000
760.000
780.000
780.000
808.000
872.000
888.000
920.000
964.000
1052.000
1136.000
1148.000
1152.000
1276.000
1288.000
1524.000
1560.000
1616.000
2104.000
2280.000
2380.000
2388.000
2600.000
2644.000
2648.000
2792.000
3108.000
3148.000
3168.000
3316.000
3352.000
3776.000
4056.000
4080.000
4264.000
4268.000
4300.000
4316.000
4732.000
4760.000
4800.000
4860.000
5188.000
5364.000
5596.000
6016.000
6140.000
6236.000
6324.000
6404.000
6660.000
6900.000
7056.000
7180.000
7188.000
7264.000
7292.000
7556.000
7792.000
7808.000
7820.000
7856.000
7856.000
8084.000
8300.000
8420.000
8676.000
8724.000
8740.000
8832.000
8872.000
9076.000
9144.000
9148.000
9192.000
9348.000
9680.000
9916.000
9928.000
9972.000
10184.000
10192.000
10388.000
10624.000
11012.000
11120.000
11144.000
11156.000
11156.000
11172.000
11272.000
11368.000
11420.000
11436.000
11448.000
11448.000
11540.000
11616.000
11832.000
11964.000
11976.000
12080.000
12188.000
12252.000
12308.000
12324.000
12428.000
12452.000
12464.000
12600.000
12620.000
12620.000
12684.000
12696.000
12708.000
12824.000
12888.000
12944.000
12984.000
13000.000
13064.000
13144.000
13204.000
13208.000
13376.000
13420.000
13424.000
13456.000
13488.000
13536.000
13548.000
13676.000
13700.000
13724.000
13744.000
13780.000
13836.000
13836.000
13860.000
13876.000
13916.000
13924.000
13936.000
13972.000
14072.000
14072.000
14072.000
14072.000
14072.000
14072.000
14072.000
14072.000
14072.000
14072.000
14072.000
14072.000
14072.000
14072.000
14056.000
13988.000
13936.000
13916.000
13800.000
13796.000
13760.000
13752.000
13696.000
13680.000
13648.000
13576.000
13488.000
13392.000
13312.000
13288.000
13236.000
13220.000
13212.000
13064.000
12884.000
12732.000
12488.000
12380.000
12280.000
11992.000
11932.000
11856.000
11724.000
11444.000
11424.000
11396.000
11328.000
11132.000
11024.000
10660.000
10524.000
10236.000
10136.000
10028.000
9876.000
9640.000
9332.000
9128.000
8804.000
8772.000
8464.000
8120.000
8056.000
7768.000
7644.000
7500.000
7244.000
7108.000
6740.000
6692.000
6404.000
6348.000
5864.000
5396.000
4664.000
4596.000
4408.000
4300.000
4044.000
3608.000
3000.000
2640.000
2532.000
2408.000
2404.000
2072.000
1612.000
1108.000
808.000
628.000
264.000
92.000
-264.000
-532.000
-648.000
-1084.000
-1124.000
-1440.000
-1568.000
-2152.000
-2380.000
-2544.000
-2552.000
-2624.000
-3028.000
-3292.000
-3384.000
-3556.000
-3668.000
-3756.000
-3960.000
-4008.000
-4156.000
-4312.000
-4332.000
-4344.000
-4400.000
-4520.000
-4620.000
-4708.000
-4772.000
-4896.000
-5192.000
-5340.000
-5344.000
-5388.000
-5468.000
-5472.000
-5512.000
-5664.000
-5736.000
-5788.000
-6044.000
-6108.000
-6152.000
-6184.000
-6216.000
-6260.000
-6396.000
-6476.000
-6496.000
-6496.000
-6496.000
-6496.000
-6496.000
-6496.000
-6496.000
-6496.000
-6496.000
-6496.000
-6496.000
-6476.000
-6396.000
-6344.000
-6068.000
-6060.000
-6000.000
-5964.000
-5928.000
-5812.000
-5688.000
-5500.000
-5496.000
-5492.000
-5472.000
-5456.000
-5256.000
-5000.000
-4688.000
-4656.000
-4652.000
-4140.000
-3808.000
-3484.000
-3468.000
-3436.000
-3180.000
-2704.000
-2636.000
-2552.000
-2412.000
-2100.000
-1944.000
-1804.000
-1564.000
-1152.000
-1012.000
-656.000
-364.000
40.000
172.000
192.000
296.000
308.000
312.000
344.000
416.000
492.000
880.000
1432.000
1528.000
1796.000
2052.000
2052.000
2408.000
2792.000
2980.000
3172.000
3280.000
3608.000
3708.000
3904.000
3960.000
4076.000
4344.000
4372.000
4952.000
5000.000
5060.000
5448.000
5552.000
5656.000
5696.000
5704.000
5720.000
5740.000
6052.000
6216.000
6220.000
6692.000
6800.000
7068.000
7128.000
7236.000
7376.000
7516.000
7520.000
7692.000
7808.000
7856.000
8016.000
8168.000
8180.000
8356.000
8388.000
8548.000
8616.000
8712.000
8712.000
8892.000
8948.000
9128.000
9272.000
9272.000
9288.000
9300.000
9332.000
9336.000
9416.000
9428.000
9504.000
9516.000
9544.000
9680.000
9712.000
9712.000
9736.000
9744.000
9744.000
9744.000
9744.000
9744.000
9744.000
9744.000
9744.000
9744.000
9744.000
9744.000
9736.000
9712.000
9468.000
9444.000
9420.000
9248.000
9136.000
8988.000
8952.000
8944.000
8928.000
8928.000
8840.000
8492.000
8412.000
8216.000
8124.000
7904.000
7784.000
7652.000
7116.000
6800.000
6708.000
6524.000
6196.000
5940.000
5704.000
5260.000
4800.000
4684.000
4672.000
4424.000
4224.000
3560.000
3496.000
3384.000
3284.000
3192.000
3116.000
2660.000
2584.000
2384.000
2220.000
2216.000
1896.000
1876.000
1800.000
1624.000
1480.000
1164.000
1128.000
1004.000
868.000
540.000
272.000
144.000
124.000
48.000
-24.000
-432.000
-492.000
-592.000
-692.000
-716.000
-808.000
-860.000
-936.000
-1112.000
-1116.000
-1236.000
-1508.000
-1516.000
-1700.000
-1704.000
-1872.000
-1892.000
-1920.000
-1920.000
-1920.000
-1920.000
-1932.000
-1964.000
-1964.000
-1964.000
-1964.000
-1964.000
-1964.000
-1964.000
-2012.000
-1964.000
-1964.000
-1932.000
-1932.000
-1932.000
-1920.000
-1736.000
-1736.000
-1208.000
-1176.000
-824.000
-692.000
-688.000
-684.000
-644.000
-588.000
-564.000
-564.000
-588.000
-588.000
-644.000
-644.000
-644.000
-644.000
-644.000
-588.000
-564.000
-528.000
-504.000
-400.000
-400.000
-400.000
-368.000
-368.000
-368.000
-368.000
-224.000
-148.000
-56.000
-8.000
20.000
224.000
232.000
232.000
240.000
240.000
292.000
292.000
292.000
316.000
292.000
292.000
316.000
316.000
316.000
316.000
352.000
292.000
292.000
352.000
352.000
352.000
292.000
152.000
152.000
152.000
96.000
64.000
64.000
44.000
64.000
64.000
64.000
44.000
0.000
0.000
-24.000
-24.000
-24.000
-32.000
-32.000
-32.000
-24.000
-24.000
-24.000
28.000
44.000
44.000
44.000
44.000
44.000
44.000
44.000
68.000
68.000
68.000
40.000
40.000
68.000
68.000
84.000
84.000
84.000
104.000
112.000
104.000
104.000
84.000
84.000
84.000
40.000
40.000
104.000
104.000
104.000
112.000
112.000
112.000
112.000
120.000
120.000
120.000
120.000
120.000
120.000
120.000
120.000
120.000
112.000
112.000
120.000
120.000
208.000
208.000
208.000
208.000
140.000
208.000
268.000
208.000
208.000
208.000
208.000
208.000
140.000
140.000
140.000
140.000
140.000
140.000
84.000
140.000
140.000
208.000
140.000
140.000
140.000
76.000
140.000
76.000
140.000
76.000
72.000
-24.000
-104.000
-224.000
-224.000
-104.000
-104.000
72.000
72.000
72.000
84.000
84.000
84.000
84.000
84.000
84.000
-104.000
-232.000
-708.000
-708.000
-340.000
-340.000
-232.000
-232.000
-44.000
36.000
84.000
396.000
396.000
396.000
396.000
304.000
272.000
236.000
272.000
272.000
304.000
272.000
272.000
236.000
268.000
268.000
268.000
268.000
272.000
304.000
272.000
268.000
236.000
236.000
236.000
216.000
184.000
168.000
168.000
168.000
168.000
168.000
184.000
168.000
168.000
168.000
184.000
184.000
184.000
168.000
148.000
184.000
208.000
184.000
140.000
100.000
140.000
140.000
100.000
140.000
140.000
164.000
164.000
164.000
168.000
164.000
140.000
76.000
140.000
76.000
76.000
76.000
140.000
164.000
164.000
168.000
168.000
164.000
168.000
168.000
168.000
176.000
176.000
176.000
176.000
168.000
164.000
164.000
164.000
156.000
164.000
176.000
176.000
176.000
180.000
180.000
176.000
164.000
164.000
180.000
164.000
164.000
164.000
156.000
156.000
156.000
156.000
156.000
188.000
168.000
168.000
184.000
184.000
168.000
168.000
168.000
156.000
156.000
156.000
156.000
148.000
148.000
148.000
144.000
144.000
144.000
144.000
144.000
144.000
148.000
156.000
156.000
148.000
144.000
144.000
148.000
144.000
148.000
148.000
148.000
144.000
148.000
148.000
156.000
156.000
160.000
164.000
172.000
180.000
184.000
184.000
184.000
184.000
184.000
184.000
184.000
184.000
184.000
184.000
184.000
184.000
184.000
184.000
184.000
184.000
184.000
184.000
184.000
180.000
180.000
180.000
180.000
180.000
180.000
180.000
180.000
180.000
180.000
180.000
180.000
180.000
180.000
180.000
180.000
180.000
180.000
180.000
180.000
180.000
180.000
184.000
184.000
192.000
192.000
184.000
184.000
180.000
180.000
184.000
184.000
184.000
184.000
184.000
184.000
180.000
172.000
176.000
176.000
176.000
176.000
176.000
176.000
176.000
176.000
176.000
176.000
176.000
176.000
176.000
176.000
176.000
178.000
176.000
176.000
176.000
176.000
176.000
176.000
176.000
178.000
180.000
